1.79769321597;
2.12999404722;
2.21431258843;
2.34040186517;
2.3556532505;
2.55273915547;
2.52104940938;
2.73596020198;
2.84641022686;
2.82563539119;
2.94614013081;
2.84814647074;
2.9400360996;
2.93121138278;
2.90714316439;
2.82974570004;
2.85143329684;
2.92104491393;
2.87823988144;
2.92397804359;
2.95096739464;
2.88496792243;
2.97341163086;
2.85036339025;
2.87017853629;
2.83285042189;
2.86896064972;
2.93082723065;
3.019115029;
3.03183783571;
3.09619872208;
3.07196622903;
3.12094526151;
3.13103420456;
3.11303138736;
3.19183136477;
3.258803828;
3.28128414111;
3.36792489597;
3.34942717711;
3.51238905936;
3.46139156435;
3.37681078865;
3.47889379031;
3.53982943642;
3.50428707553;
3.59517199899;
3.71321146385;
3.64455569188;
3.65942471757;
3.6988016301;
3.68393243809;
3.58543406088;
3.48556084109;
3.27774305586;
3.37129407005;
3.29060819142;
3.28718017818;
3.30469292255;
3.35633308547;
3.39526537825;
3.39186440241;
3.36455807796;
3.32866494331;
3.3618265218;
3.30106414912;
3.27822910189;
3.34608602972;
3.35799252137;
3.31930901336;
3.41925855434;
3.33941604047;
3.31747133898;
3.27031110889;
3.3203304106;
3.32748675844;
3.37834681345;
3.39359406716;
3.40343551734;
3.33735498201;
3.42852472511;
3.41426515284;
3.45321554784;
3.39193074414;
3.3826738395;
3.48585407285;
3.49595509735;
3.42521400105;
3.48772500129;
3.5171703217;
3.53549759113;
3.55822868474;
3.60981707436;
3.58008909754;
3.55277464755;
3.52200781873;
3.50241957263;
3.5433822299;
3.5740744349;
3.5670585369;
3.57351369958;
3.65552250045;
3.64614411975;
3.61483794444;
3.67268000424;
3.65288885361;
3.67277863722;
3.66756572403;
3.64622014278;
3.62835590843;
3.67056863004;
3.60598090326;
3.58471649739;
3.65309362269;
3.56289339927;
3.55347197165;
3.59259423296;
3.52780248271;
3.54171301766;
3.50979760147;
3.54405469028;
3.56127154934;
3.58498588763;
3.59116543479;
3.54269776083;
3.51088358152;
3.42308167318;
3.45908371449;
3.51717829747;
3.41096568479;
3.46670825065;
3.53613279438;
3.53221528606;
3.56816303444;
3.57590517459;
3.58421537165;
3.58209043919;
3.55205249435;
3.57075554475;
3.61183768019;
3.66603979274;
3.64244372638;
3.63659973517;
3.671790338;
3.74436106123;
3.72489486716;
3.68366076956;
3.71614865736;
3.73134018472;
3.67210769454;
3.6382137979;
3.6808889199;
3.65656460393;
3.6490758843;
3.59948335647;
3.57935520665;
3.61378652561;
3.62871686229;
3.62502605785;
3.60442577901;
3.53099254087;
3.48515378517;
3.37726583874;
3.32762069974;
3.41313919869;
3.46586748563;
3.4769565417;
3.41633264718;
3.39480450337;
3.46520675734;
3.47615794656;
3.51647193945;
3.4719130087;
3.50394067934;
3.46286778449;
3.39864741047;
3.37002005411;
3.48481923929;
3.3971140053;
3.42441752073;
3.38752252745;
3.47706282249;
3.50663182195;
3.47770166017;
3.47094006924;
3.44821031026;
3.51163680142;
3.4781735969;
3.47001282271;
3.48830300567;
3.47862999061;
3.4991739045;
3.5056009291;
3.521084737;
3.50620316139;
3.5348900337;
3.44479700786;
3.50100095451;
3.51013824386;
3.50205718802;
3.59621218201;
3.52319567937;
3.54047621848;
3.58585046739;
3.49357349518;
3.57378090294;
3.5574941871;
3.52028210356;
3.50231761646;
3.48409268361;
3.5095241532;
3.40700438025;
3.46668553547;
3.41575804495;
3.49044848989;
3.55295540478;
3.54966207309;
3.52169272682;
3.52764804006;
3.57465455972;
3.60729477523;
3.57343421016;
3.54140598763;
3.52050376824;
3.39873014132;
3.45366121367;
3.51159955474;
3.40502882233;
3.42250029854;
3.3413030283;
3.31528575134;
3.30773347861;
3.32446085825;
3.31588403018;
3.36008595289;
3.37490235168;
3.35225683114;
3.39669771613;
3.36660154443;
3.36574085377;
3.24024631906;
3.30708201348;
3.35695111519;
3.23098643205;
3.33359966645;
3.3032113797;
3.36082815679;
3.30740071052;
3.24241494015;
3.28165351546;
3.32730621813;
3.34097066574;
3.25631975816;
3.37867546454;
3.32942617949;
3.34296225011;
3.42417750978;
3.3494086349;
3.35470524469;
3.45177894438;
3.43340163893;
3.34337803746;
3.34915231348;
3.35468381711;
3.32876504154;
3.33508273686;
3.38011405866;
3.40008673037;
3.40059302968;
3.42420696608;
3.47756524156;
3.4207156382;
3.54543547787;
3.52693054191;
3.54432136849;
3.39120049254;
3.37112597866;
3.25370230662;
3.39724568785;
3.36422465474;
3.44221185522;
3.47805804881;
3.50648182018;
3.43072179827;
3.3698921533;
3.32193686002;
3.42991643157;
3.27392882623;
3.33723681765;
3.30998085273;
3.36459930547;
3.41757695023;
3.4091622173;
3.37403623147;
3.49851413721;
3.35683316092;
3.30526759605;
3.26254862396;
3.45198166151;
3.44540975622;
3.3602138948;
3.3466987455;
3.27932007715;
3.31301360428;
3.33787494449;
3.3032421495;
3.40162314341;
3.36935850342;
3.33705038691;
3.34963832954;
3.40699314341;
3.40771204782;
3.31575565609;
3.33190725727;
3.38244449653;
3.48169756902;
3.32573251637;
3.33780380508;
3.34448751934;
3.3631119341;
3.37381012834;
3.31393185928;
3.36954320982;
3.34208571677;
3.27385710057;
3.4050881261;
3.45952811497;
3.44374975638;
3.39199400426;
3.36374998425;
3.36270761856;
3.36423440676;
3.44131750303;
3.39057019845;
3.32741922874;
3.38589719546;
3.35684867969;
3.35291642481;
3.29066124205;
3.36018533216;
3.34570089173;
3.50888706747;
3.49622780784;
3.39612178916;
3.38290896824;
3.44334707805;
3.43387683609;
3.44287371239;
3.47251259205;
3.54510216017;
3.33151207647;
3.43468564048;
3.34156599496;
3.38892240229;
3.48531349375;
3.47424426141;
3.43320540338;
3.5259140059;
3.59543877678;
3.5693889712;
3.54205968083;
3.48033308898;
3.58564349569;
3.60974709852;
3.47665503541;
3.41496961094;
3.3655787361;
3.33374675003;
3.5098630514;
3.47704252632;
3.55488307132;
3.52645448262;
3.56267678818;
3.60422031697;
3.55151671904;
3.58381121595;
3.58700933727;
3.56809718606;
3.50098197614;
3.53952040519;
3.51788079547;
3.52123912091;
3.50137097466;
3.55795292213;
3.53818693097;
3.66254859084;
3.65986146548;
3.60377369783;
3.57653432269;
3.62729064531;
3.60242022724;
3.5919694599;
3.48908252491;
3.50494963557;
3.57859400178;
3.59938090211;
3.5647108348;
3.54650115853;
3.52596294488;
3.48972398827;
3.46457208034;
3.5480411944;
3.63357049448;
3.56943668199;
3.50977457388;
3.4711695382;
3.44455170824;
3.45739498604;
3.49711801975;
3.46229885372;
3.50254503591;
3.43774824194;
3.49241170656;
3.61855993281;
3.64759828252;
3.64441135196;
3.52560610674;
3.56767053646;
3.43893736986;
3.41961657765;
3.49573797289;
3.52427025596;
3.67353235854;
3.75276236637;
3.6258526508;
3.57458089372;
3.47781676472;
3.50826873053;
3.49841801586;
3.3705710772;
3.4265939143;
3.47561816184;
3.60183314678;
3.53178331433;
3.55960708472;
3.58209747082;
3.55223366149;
3.66822676771;
3.51335515235;
3.44995052461;
3.4623805013;
3.48724278809;
3.58814328379;
3.47982715522;
3.55691422251;
3.47693347675;
3.41685140076;
3.37112452496;
3.43557653212;
3.52035197394;
3.54883368897;
3.56311920421;
3.55759945576;
3.47325019788;
3.56381715955;
3.56146005028;
3.4845908979;
3.50438561205;
3.53238864461;
3.48877216518;
3.51450543861;
3.47974729461;
3.50052089616;
3.55504588263;
3.59216963353;
3.55246126986;
3.65298882739;
3.58575098629;
3.59838568348;
3.64743321854;
3.54399699812;
3.55067651453;
3.59739377753;
3.62422115178;
3.50894152586;
3.54155936182;
3.52847822639;
3.5882943897;
3.5947745537;
3.53045639625;
3.63511120572;
3.40462521915;
3.41148645692;
3.43203412414;
3.49473419774;
3.43682735083;
3.45508039516;
3.49587744268;
3.63573979107;
3.59830667837;
3.5649266829;
3.57872373877;
3.60308667304;
3.58543321135;
3.56482700435;
3.60136565586;
3.60530768133;
3.58283643174;
3.57628932351;
3.58876344734;
3.61880995675;
3.62506098146;
3.69186620887;
3.68520923117;
3.62514788841;
3.56571987076;
3.57765408664;
3.53787041123;
3.54238722075;
3.52069477063;
3.6238444033;
3.65789605792;
3.7260238973;
3.74940972329;
3.72040170631;
3.71716224375;
3.59816594238;
3.37200562135;
3.49514241667;
3.61168736978;
3.51115056084;
3.46267154696;
3.49553200118;
3.47962089855;
3.40913136695;
3.44127257955;
3.53243721858;
3.51870414464;
3.56394320839;
3.55015056615;
3.44745030958;
3.43355151567;
3.47371376071;
3.41970554471;
3.39871320733;
3.42309618298;
3.50049073133;
3.56977918719;
3.54318942113;
3.51263999641;
3.53240276769;
3.57137749336;
3.56081505018;
3.56420671193;
3.60264999132;
3.60009647146;
3.58998235557;
3.57229542;
3.58623349871;
3.61259835795;
3.64206073037;
3.66094372573;
3.62411696488;
3.64611514473;
3.6150674116;
3.61380718878;
3.54446372891;
3.51344239944;
3.55023660368;
3.55787622781;
3.49510653156;
3.50775226827;
3.58995895131;
3.49616210287;
3.48567309695;
3.50252842698;
3.50932841119;
3.47704384085;
3.56486285024;
3.52312536561;
3.59279406869;
3.55558767658;
3.580358478;
3.48930955372;
3.51931601874;
3.49253784774;
3.53893123985;
3.46075245144;
3.53617347799;
3.47750775909;
3.50329567788;
3.47959153089;
3.52102229117;
3.5226661371;
3.50718632544;
3.52861056681;
3.61747527874;
3.55071924859;
3.57391878045;
3.57130842888;
3.53431903652;
3.55076068702;
3.54521287129;
3.6013744517;
3.57282682623;
3.56382681064;
3.52250546559;
3.51036981834;
3.50024103896;
3.53212848655;
3.56999633047;
3.57879016735;
3.60531487256;
3.55258102544;
3.56779782029;
3.60229872844;
3.66984941403;
3.62477211851;
3.70243431123;
3.65009667732;
3.67347602807;
3.55441203253;
3.63581236884;
3.53954296413;
3.50976547853;
3.57580453364;
3.55159233829;
3.57871868314;
3.50975155116;
3.53517367795;
3.50409576398;
3.51614572098;
3.47818318797;
3.52657617338;
3.47159793821;
3.39926504281;
3.46920354242;
3.54056239606;
3.52125258103;
3.53338063065;
3.49355244666;
3.51208887379;
3.49540517355;
3.43486839996;
3.50217122135;
3.47984114323;
3.484934186;
3.51966656885;
3.44950334274;
3.48734548327;
3.48395207347;
3.41935421943;
3.5195480616;
3.50802935938;
3.56377198256;
3.59526099493;
3.60812981497;
3.67300325702;
3.66523193756;
3.57740626741;
3.62235413589;
3.54209996317;
3.57995742307;
3.6630058355;
3.54872788682;
3.5864942873;
3.62069061782;
3.52840907069;
3.56705363265;
3.58524465363;
3.56202147891;
3.57175886008;
3.56611865111;
3.61187833704;
3.53794190616;
3.59701619993;
3.59705160135;
3.5883490158;
3.56563290287;
3.54581278146;
3.5254692238;
3.53682834864;
3.56333230348;
3.5179180455;
3.52847995042;
3.51995701143;
3.56644852285;
3.57223546146;
3.61149454058;
3.58980611971;
3.6555494275;
3.6511464063;
3.61748298287;
3.54809997097;
3.52190553636;
3.55772422376;
3.5661361174;
3.53272882481;
3.56571239005;
3.60706844067;
3.50955538344;
3.53609430612;
3.51485902283;
3.50068415078;
3.50218222177;
3.52944673645;
3.57748076707;
3.58574765368;
3.56966897772;
3.58985977761;
3.6268335519;
3.53382766197;
3.60439005474;
3.65087362436;
3.59416749812;
3.54771735977;
3.65867605863;
3.53741009427;
3.59780048361;
3.51411111256;
3.53787036152;
3.6052196796;
3.5494289727;
3.57856482805;
3.58441126353;
3.56662608776;
3.6261033579;
3.57833634003;
3.53345926521;
3.56353583559;
3.43998527451;
3.38222420393;
3.33937094461;
3.35282263224;
3.39849970078;
3.44850039775;
3.38700187988;
3.40545597302;
3.4612323492;
3.51571678928;
3.46235434094;
3.52635377597;
3.47979484813;
3.46979039284;
3.47332226639;
3.47989884968;
3.60096910455;
3.55678537705;
3.50510970146;
3.44790090104;
3.44119159698;
3.4784760725;
3.48417301145;
3.5120242891;
3.54323876105;
3.50601582741;
3.47663774541;
3.4648754918;
3.52503695386;
3.52608918103;
3.5540309305;
3.48389783172;
3.49355851016;
3.43380548539;
3.43588688794;
3.39469168175;
3.4084447879;
3.37464223362;
3.43542942229;
3.2411763337;
3.24213732407;
3.35326176492;
3.34205453396;
3.30388311472;
3.30822531601;
3.25436396005;
3.29007524278;
3.33627300862;
3.35700618919;
3.32075569608;
3.34826835081;
3.37434857936;
3.3964254729;
3.31374991253;
3.30600597828;
3.2903691616;
3.33282081833;
3.36481342899;
3.38364643163;
3.49765229892;
3.44823906116;
3.22396776186;
3.31861755736;
3.3613888998;
3.35630862318;
3.40518893207;
3.33575848252;
3.39870246087;
3.436578622;
3.41305629546;
3.42608196192;
3.3955804589;
3.39138816316;
3.35632730425;
3.34787127622;
3.35117385077;
3.41362016704;
3.454997837;
3.39943329259;
3.42674731852;
3.41002353359;
3.38221718731;
3.39878000045;
3.37581043141;
3.3959468806;
3.54296084359;
3.50544961863;
3.48389017122;
3.45718333721;
3.41871640669;
3.37277536582;
3.42424212598;
3.47213998837;
3.48230832052;
3.51442525664;
3.50892106536;
3.45298046878;
3.54068504357;
3.39796502691;
3.44259576767;
3.42286891541;
3.37221043616;
3.40319986181;
3.38281124294;
3.40754632251;
3.36132233583;
3.42919664942;
3.39266457268;
3.39621422222;
3.51285878631;
3.52470868657;
3.51747410998;
3.54852362554;
3.44230472984;
3.49150799656;
3.56280644337;
3.38671969305;
3.54198635157;
3.54651105544;
3.54169942427;
3.59336702724;
3.5150980139;
3.57613428;
3.50926420146;
3.50352361206;
3.55146977975;
3.45537435809;
3.47846935754;
3.50352851657;
3.52606243448;
3.49227504619;
3.51774400773;
3.51981713861;
3.55223734631;
3.60354818993;
3.53779809532;
3.52011330287;
3.52369132081;
3.52779412422;
3.62479369415;
3.6354989808;
3.60590349866;
3.64645449819;
3.51568384531;
3.43570638905;
3.48218289525;
3.44499671982;
3.52769099535;
3.58365497185;
3.5535177569;
3.45710803437;
3.44425793188;
3.44943094068;
3.52811560187;
3.50767076399;
3.55589493978;
3.67469339255;
3.62443930302;
3.57716326649;
3.59152619883;
3.61385219357;
3.58957417837;
3.71623645583;
3.62658467077;
3.597390909;
3.60303931711;
3.52614616;
3.58485758992;
3.5120399186;
3.51710050982;
3.5304049874;
3.55703301973;
3.58488058558;
3.60987379291;
3.49915382778;
3.49568398139;
3.44886242608;
3.54168326703;
3.42915656859;
3.40525434617;
3.63768715544;
3.66184046407;
3.55955564657;
3.61114047836;
3.64111019556;
3.67805849473;
3.74569533047;
3.69735150875;
3.60752048725;
3.52275430222;
3.56119672504;
3.57805906707;
3.61478808198;
3.56554278615;
3.54575180055;
3.54995911016;
3.65204574037;
3.68504981696;
3.70354579528;
3.66414051513;
3.73028536321;
3.80115119073;
3.65805340982;
3.81621651112;
3.65326044853;
3.69387356009;
3.69790826012;
3.6925997541;
3.7251726893;
3.75589742396;
3.66525713625;
3.67272732556;
3.69188439471;
3.67584447213;
3.73334468785;
3.6103215009;
3.58813408817;
3.59398929916;
3.65264808106;
3.57521604972;
3.63318594545;
3.68187604971;
3.64942814293;
3.67666193804;
3.64374625499;
3.64054758129;
3.60954261664;
3.55602287263;
3.68211064237;
3.54178874902;
3.53443289997;
3.56628835977;
3.59696275602;
3.61357994846;
3.54100996335;
3.49940159891;
3.51921829628;
3.56088089701;
3.58008479439;
3.55179290216;
3.53056207474;
3.61233959181;
3.49171458782;
3.49089453434;
3.49903557922;
3.54355121913;
3.50490739114;
3.58494759755;
3.64567054566;
3.64252115456;
3.6354121259;
3.64779515551;
3.76347566001;
3.64750902697;
3.58700951006;
3.60950013275;
3.53676561676;
3.54669965206;
3.66245527358;
3.63251630787;
3.64812356652;
3.69790558138;
3.69115958283;
3.59211763247;
3.55384094717;
3.51334484187;
3.47466284541;
3.58913291296;
3.58294782472;
3.583051715;
3.5378245625;
3.52840426641;
3.57931181699;
3.61331303893;
3.59278988242;
3.59647944029;
3.59796667385;
3.60825895422;
3.58274226187;
3.5737572327;
