2.05811073166;
2.04266861372;
2.24332709037;
2.25393106059;
2.34634708535;
2.44901335343;
2.41087938954;
2.56884140386;
2.60858607127;
2.52513609742;
2.5523563702;
2.6213467851;
2.58208848471;
2.95488750341;
2.73024351646;
2.75059875979;
2.72205447594;
2.73786210271;
2.84950635823;
2.92076581551;
2.78860632718;
2.73327394424;
2.69242980235;
2.91057673992;
2.79751774342;
2.72613489557;
2.74078883137;
2.84810601385;
2.86698944559;
2.97412667704;
3.0582523932;
3.01975221344;
2.95219459374;
2.97218761246;
2.72897188052;
2.87627397902;
2.85284118571;
2.99696763025;
2.82214977206;
2.91872503902;
3.01767782432;
2.90565973579;
2.96990034657;
3.08923073563;
3.04258262277;
2.97928334634;
3.00276234288;
2.97482669382;
2.98681368683;
3.11101836378;
3.12451097132;
3.09767232385;
2.99460363713;
2.9547136258;
3.10820580873;
3.01714359142;
3.0181282404;
3.05451107163;
2.93784301648;
3.14275790042;
3.1194978978;
3.06821445509;
3.08874278818;
3.17416122656;
3.23321609731;
3.21384325305;
3.17812191503;
3.27375421915;
3.18590872946;
3.16341685634;
3.24247084604;
3.16158798419;
3.16286483079;
3.04601275362;
2.97240027048;
3.03032633467;
3.05396629783;
3.14903413228;
3.19760428921;
3.14371870933;
3.26140946598;
3.1931029365;
3.19052145171;
3.28856609268;
3.19995636452;
3.14051360488;
3.13581676846;
3.24327593829;
3.12812724666;
3.13957458946;
3.05046819843;
3.23796540947;
3.19302940322;
3.17831311105;
3.14391394209;
3.21557534475;
3.22396647539;
3.1922073557;
3.26034271221;
3.38023473227;
3.31488985457;
3.37292406801;
3.29459528311;
3.33512000077;
3.25566198202;
3.29647278243;
3.3721600932;
3.23495178412;
3.25052110877;
3.33788278871;
3.40613580705;
3.32845876918;
3.37803128521;
3.3088637828;
3.3893230972;
3.3734940446;
3.39250989302;
3.27271951581;
3.31306456214;
3.33141316062;
3.32232336182;
3.30329095172;
3.28523927357;
3.41551194739;
3.3369524171;
3.37152344499;
3.41761502803;
3.42065101233;
3.47505738452;
3.50954040841;
3.55152140728;
3.42656833047;
3.36826765534;
3.3274918089;
3.35130512681;
3.40870808616;
3.37183444404;
3.35088254566;
3.35027111234;
3.31001880518;
3.43928667631;
3.46477412831;
3.51656252006;
3.46908707907;
3.47057127839;
3.45597335591;
3.42729318099;
3.40031769422;
3.41706615951;
3.47825709937;
3.42354737925;
3.29314352437;
3.28757835725;
3.37477723988;
3.36717019078;
3.24805346081;
3.27468728125;
3.24123559997;
3.33936904631;
3.28793465301;
3.22931762614;
3.36710710721;
3.3485321599;
3.42376538522;
3.44596516057;
3.43983924551;
3.43665358803;
3.40864851469;
3.36335651072;
3.34426790337;
3.34007550308;
3.38888005901;
3.2582662008;
3.38648907576;
3.36160678786;
3.37364978063;
3.29112486489;
3.38918607551;
3.45221507395;
3.34670737786;
3.36329640455;
3.37664992435;
3.41588496863;
3.44193218151;
3.35331418803;
3.42978995947;
3.47823647518;
3.44814515569;
3.62408892833;
3.55979355917;
3.56100352563;
3.66492375347;
3.61700426537;
3.5156875782;
3.39721257294;
3.33842515451;
3.4044896101;
3.43996628252;
3.42828533759;
3.43540463208;
3.50012103728;
3.47936990005;
3.41446753421;
3.42761135013;
3.43698722539;
3.51721003753;
3.46073073229;
3.47936061085;
3.49575383467;
3.45650499517;
3.48344297836;
3.48405279563;
3.47156612169;
3.46975331503;
3.4948671815;
3.53280969174;
3.5753957652;
3.49211040799;
3.53221019255;
3.4134490459;
3.41712220981;
3.45786576128;
3.37242120197;
3.3909800034;
3.37483250775;
3.32603628523;
3.38264377126;
3.35987476542;
3.36547851475;
3.41945419093;
3.39622599565;
3.47220182324;
3.42740086362;
3.41677706982;
3.49965411581;
3.39338778775;
3.48760547757;
3.60255564375;
3.5223873496;
3.49704044313;
3.51879395533;
3.43911156972;
3.35816190586;
3.34067524472;
3.39728091664;
3.39022674625;
3.30981083081;
3.3535513722;
3.2943629153;
3.35402377925;
3.42625682116;
3.300662073;
3.27372740277;
3.30110694018;
3.28138746655;
3.21036239721;
3.29148784366;
3.31935923437;
3.30398731281;
3.38501359819;
3.48184669688;
3.51870303923;
3.38835963379;
3.4165133495;
3.39865313201;
3.33575230428;
3.47456242395;
3.51990618763;
3.60019085122;
3.56661292281;
3.53299340884;
3.57311605858;
3.43410864757;
3.37939780917;
3.44172698637;
3.46179624692;
3.40645181003;
3.48548897253;
3.49687635737;
3.37208110054;
3.49887411638;
3.53403797934;
3.62920306261;
3.62021469233;
3.58248453236;
3.51806444184;
3.63241235361;
3.54188734297;
3.5774708642;
3.66716719941;
3.61875292384;
3.6574041123;
3.46811066644;
3.5812209068;
3.47470179;
3.52691155612;
3.49658280098;
3.51699538777;
3.52258360704;
3.46409140085;
3.23714803944;
3.30184981322;
3.20913080471;
3.32101943169;
3.30219680962;
3.45884167392;
3.44812573221;
3.4445331547;
3.62995268481;
3.56072220804;
3.43411546142;
3.41337948962;
3.49002952246;
3.54421755314;
3.58584616736;
3.45878242321;
3.48040302118;
3.50907865563;
3.55190498539;
3.45003871137;
3.46224094819;
3.4481409254;
3.53788608078;
3.5913515999;
3.60418177658;
3.58406595213;
3.59734493739;
3.56680054994;
3.55912295968;
3.53196263105;
3.54369981751;
3.62353406864;
3.58814242853;
3.50045905881;
3.53538169012;
3.59630727946;
3.49820265318;
3.54867296141;
3.5889164426;
3.55709530961;
3.60981553963;
3.64936090368;
3.68067467872;
3.61856214442;
3.63323208583;
3.46464852981;
3.49734254259;
3.40919782841;
3.41703413772;
3.44942514588;
3.56061838819;
3.66792323448;
3.67012037192;
3.66387316935;
3.69306189884;
3.67667649925;
3.59518718316;
3.54690975745;
3.52410218219;
3.60091197332;
3.49030123202;
3.5093799814;
3.56700533097;
3.56515245496;
3.48886916013;
3.57432916301;
3.56308121461;
3.53980553829;
3.57901908534;
3.62271622251;
3.53753026036;
3.51800138591;
3.50813828615;
3.57988521786;
3.52899971096;
3.57779774743;
3.60227033502;
3.55130935274;
3.52851730044;
3.57701568268;
3.49538857609;
3.57207216743;
3.58987364728;
3.6483600494;
3.69633275757;
3.79090193582;
3.75612214991;
3.63554364227;
3.6670995977;
3.69816036015;
3.71233645351;
3.72988170488;
3.66390757245;
3.64985201117;
3.6610918342;
3.67206765873;
3.58796491622;
3.70753567397;
3.71052546553;
3.67009223573;
3.70092808601;
3.60440679794;
3.70263044669;
3.73228549595;
3.67470162133;
3.68607950682;
3.6865961469;
3.73529151947;
3.77565669474;
3.78068270674;
3.65770465239;
3.81286102168;
3.71130415496;
3.73019514021;
3.70946089185;
3.75477357306;
3.72608145901;
3.70681369916;
3.63579474345;
3.78252477548;
3.87270561544;
3.70292436265;
3.63384427361;
3.58862995138;
3.59180700755;
3.6420289753;
3.60089955131;
3.65757971333;
3.62619666714;
3.61193004948;
3.59402951073;
3.61991363896;
3.5586105078;
3.5853196926;
3.63881683263;
3.5962018755;
3.68215458401;
3.60207595484;
3.54988732264;
3.65153947009;
3.73158159869;
3.65330462439;
3.6373351983;
3.621138289;
3.52068963629;
3.53319408409;
3.51954832752;
3.5419405493;
3.58297291063;
3.63497843582;
3.62823998695;
3.65088491664;
3.66658145094;
3.74550877797;
3.60514083037;
3.73624801586;
3.80099200038;
3.71726083266;
3.77751936373;
3.81988923179;
3.8901790947;
3.79077922512;
3.8119629103;
3.69775209287;
3.77961055013;
3.73959638361;
3.81774831826;
3.85860238289;
3.81739025471;
3.82271117827;
3.7989843699;
3.80323576411;
3.84623033352;
3.69522420858;
3.72350622138;
3.74834085887;
3.69051767688;
3.69761011958;
3.8054149224;
3.69798823699;
3.79355946709;
3.62219898197;
3.67712057256;
3.69496124213;
3.62597712485;
3.65900098312;
3.67044321026;
3.62978082702;
3.62269367062;
3.72068885043;
3.69674254961;
3.59080700839;
3.61996593277;
3.59826150083;
3.62172808252;
3.66395053025;
3.51946801225;
3.65617474034;
3.65281689767;
3.66807756865;
3.6368243304;
3.66426688187;
3.67788468948;
3.65673950004;
3.65790164325;
3.55903095036;
3.63557692618;
3.75190116287;
3.87448301899;
3.84437350288;
3.94346397396;
3.89879289049;
3.89649522207;
3.81490696952;
3.82783087432;
3.73221448005;
3.74243603197;
3.71789764917;
3.85810009787;
3.89237683453;
3.88783386716;
3.91195895927;
3.7316946671;
3.68319349462;
3.72709142684;
3.78045493547;
3.67953759802;
3.73871112969;
3.73421750005;
3.66610006711;
3.71026713269;
3.79238437817;
3.81991271945;
3.82308208541;
3.84490294369;
3.82356457736;
3.74691816093;
3.74706133596;
3.8048330053;
3.71469884589;
3.70001668786;
3.78897606533;
3.852447516;
3.96848450257;
3.86891001839;
3.86460099794;
3.87108780545;
3.8209350749;
3.76383412022;
3.79192402834;
3.62407165942;
3.79671461216;
3.73037484927;
3.62709207613;
3.55750510656;
3.70535434669;
3.91891615308;
3.86526042216;
3.78782505714;
3.76673089055;
3.86383292857;
3.86714426864;
3.70378061414;
3.9358199102;
3.87221366771;
3.95639088001;
3.97078642219;
3.9033345342;
3.88828560079;
3.91481697177;
3.88620229265;
3.94076770866;
4.06339213282;
4.08626914024;
4.0759134466;
3.94826307086;
3.93872587586;
3.94076418598;
3.78129273103;
3.79683991272;
3.83114785548;
3.86052649284;
3.84679774906;
3.97199555972;
3.71924706144;
3.93034449407;
3.83443099994;
3.9152874573;
3.89016300397;
3.97657972182;
3.95595402206;
3.89378540647;
3.96075338304;
3.96736548023;
4.11284907495;
3.97041960262;
3.83364862589;
3.99577595387;
4.02467174051;
4.03522492905;
4.08833540572;
4.12962669473;
4.1043536323;
4.03447196699;
4.11705139235;
4.07384712393;
4.10957928577;
4.20477318559;
4.1371437453;
4.19260440318;
4.06913652007;
4.13444441135;
4.08567900091;
3.9870144159;
4.0488555494;
4.03217625525;
3.98336939712;
4.08796863957;
4.09983555242;
3.92894385225;
3.87297541583;
3.92128285734;
3.91928548959;
3.92318124929;
4.13231542968;
4.05226306825;
3.86530183507;
3.88007032862;
3.76844568362;
3.83351288379;
3.91483772877;
4.00765538154;
4.01971217624;
4.10592012271;
4.09223162274;
4.03207945419;
4.03640261624;
4.18876818109;
4.13683016807;
4.03689900602;
4.0463667997;
4.15669241978;
4.11044736126;
4.07185687295;
4.00000065331;
4.09449915956;
4.13110541486;
4.10336808626;
4.01154365985;
3.8476051961;
3.87128115576;
3.86962865334;
3.92884332945;
3.95175140348;
3.97464893276;
3.98994837724;
3.97975649431;
3.96779592471;
3.9372371836;
3.96204894286;
3.91103353806;
4.01999427535;
4.07188029643;
3.91417558196;
3.9213815732;
4.0562491897;
4.04689810767;
3.97657970981;
3.99108177724;
4.10719647515;
4.03023813415;
4.11247024675;
4.11857772006;
4.07323367672;
4.0681955946;
4.06578928483;
3.99475184973;
4.00148920423;
4.0117339008;
4.07690636452;
4.10697204437;
4.01378068067;
4.08789470777;
4.06795621562;
4.03031401692;
4.02137500981;
4.02566960803;
4.08391877163;
4.07446687779;
4.07765336758;
4.07547799194;
4.0744736511;
4.0513697006;
4.13280611311;
4.06204055936;
4.13735459825;
4.09481087191;
4.08400386746;
4.05689774119;
3.99965687146;
3.9367393835;
3.97892390919;
4.01226171128;
3.93264318487;
3.98560099478;
3.95005548847;
3.97211681753;
4.19334536541;
4.23973585951;
4.11661067714;
4.17844931752;
4.26215962622;
4.2715479381;
4.28061396199;
4.26266179817;
4.20017401737;
4.29453276706;
4.28385603912;
4.34426863502;
4.23257452311;
4.19301820319;
4.10340774868;
3.98154079686;
4.22060556914;
4.08127862779;
4.12498287108;
4.08801962379;
4.14569590946;
4.09246547949;
4.11751104149;
4.06144712812;
3.99594585352;
4.11521147639;
4.08817300614;
4.17369535869;
4.1636551369;
4.07870742872;
4.12374864627;
4.20692671959;
4.26174679097;
4.14356429986;
4.21894345167;
4.28069126768;
4.22942445785;
4.28797450621;
4.28384710218;
4.27421736583;
4.36493790823;
4.22508148977;
4.27897528043;
4.39146004649;
4.29677929352;
4.28359534704;
4.30774648174;
4.39444365769;
4.27263446447;
4.32741188653;
4.35143353764;
4.35188461851;
4.30931561779;
4.19439668075;
4.24467722053;
4.15987753339;
4.18288833203;
4.19336745508;
4.13202503859;
4.14470243667;
4.15853582546;
4.24624767567;
4.27818327449;
4.25650575245;
4.19521978474;
4.22886806715;
4.21245395502;
4.22794984155;
4.20777327167;
4.16876529028;
4.25561061084;
4.29080710148;
4.26353454725;
4.14699043039;
4.06829164316;
4.17546244162;
4.35988851404;
4.32001373138;
4.23717336313;
4.29122570156;
4.22893041876;
4.18471600133;
4.221631084;
4.20347928621;
4.22658818253;
4.25204180927;
4.33235223172;
4.29053208385;
4.33610076462;
4.32191116682;
4.22040230516;
4.14347577132;
4.04232428132;
4.10586312253;
4.11473589602;
4.19179969677;
4.08625461836;
4.14827425565;
4.13153862651;
4.15393039912;
4.11980635829;
4.14990616052;
4.1814347041;
4.07675055683;
4.18960737862;
4.16327290367;
4.10242712451;
4.06874002544;
4.06754230463;
4.08080706206;
4.04325233717;
4.03706053094;
4.10698602102;
3.94424281981;
3.94557586659;
4.00216839797;
4.13516042409;
4.09903261314;
4.17473329488;
4.18346268962;
4.26022263865;
4.28774959503;
4.27190968241;
4.31838467099;
4.05826743272;
4.07511988532;
4.12024303703;
4.06745193508;
4.17065280329;
4.11063739565;
4.25649969474;
4.21272940488;
4.24788484449;
4.30039367302;
4.29215930069;
4.2855588617;
4.2871470973;
4.21963561336;
4.12624803632;
4.10175721327;
4.2010615904;
4.14372849678;
4.08388455215;
4.13989802543;
4.23163652973;
4.2158926055;
4.12932723361;
4.1331915421;
4.16808388528;
4.04609765215;
4.09521971024;
4.05878646878;
4.17757280345;
4.04042202904;
4.00125455321;
4.11271083573;
4.08528309127;
4.11243400294;
4.07668742649;
4.09005889921;
4.10117535399;
4.01838052679;
4.03298987651;
3.98590786622;
4.04246823582;
4.02172027673;
3.99065990697;
3.98342826237;
3.90381641789;
4.03498029172;
4.02704583655;
4.00633987175;
3.94589924241;
4.00019450074;
3.97344657335;
4.04492272397;
4.08413213219;
4.09993576038;
4.12806996271;
4.09122031746;
4.03614748091;
4.06820744952;
4.06685035951;
4.03451003813;
3.96565759847;
3.95675663675;
3.9826663292;
3.98289527036;
3.93621697295;
3.90748310593;
3.91491876607;
3.95274371382;
4.05562313606;
4.01029228134;
4.07538874208;
3.98710440262;
4.02872430748;
3.86804248069;
3.88265845235;
3.87198822063;
3.86946904259;
3.9043454289;
3.84812995188;
3.87072944657;
3.83349927016;
3.95704442511;
3.91416193145;
3.89613219561;
3.90119989963;
3.82998564106;
3.7555416367;
3.80759411371;
3.90927475222;
3.96167119063;
3.91364017134;
3.83126175215;
3.90358404846;
3.84436377236;
3.92412534607;
3.84623826173;
3.91127076425;
3.83027429855;
3.78734532553;
3.87516126921;
3.88560400737;
3.81156486543;
3.75706806935;
3.81223930532;
3.79340399331;
3.83373245542;
3.78650430606;
3.79796997141;
3.807406872;
3.80465210974;
3.86107718599;
3.86570923082;
3.95871020733;
3.88863793119;
3.850464983;
3.83648289955;
3.86089632029;
3.84604591223;
3.94563628483;
3.91923357245;
3.83598735064;
3.82412734706;
3.87162771709;
3.85429548596;
3.80973233698;
3.80796361276;
3.83984798748;
3.85473600584;
3.9078632586;
3.87718811958;
3.79895231222;
3.74172579754;
3.89225231178;
3.80639119601;
3.81596708513;
3.80358602429;
3.77771052315;
3.80193655973;
3.83901153382;
3.81240338848;
3.78459340414;
3.88610585646;
3.86701550703;
3.8738820595;
3.9543943415;
3.94855099411;
3.93078209393;
3.89605489871;
3.99954828051;
3.96301477725;
3.93689274643;
3.94085028671;
3.87337938847;
3.96371360222;
3.92223585931;
3.91749589571;
3.93360157661;
3.91451746975;
3.91649895747;
3.94659125389;
3.94457452944;
3.95909660986;
3.94138716044;
3.96734187562;
3.93502149345;
3.90905309447;
3.8534937933;
3.86187623506;
3.89246021487;
