1.71008832588;
1.95723213514;
2.05744001168;
2.19311050707;
2.1587044449;
2.18103573557;
2.12666933083;
2.2473852711;
2.32728509399;
2.25544071517;
2.35385583653;
2.35074949728;
2.30940875225;
2.35568157206;
2.34891220746;
2.35174628375;
2.35154610949;
2.35509629051;
2.47471677815;
2.46706519163;
2.38603421414;
2.52453007186;
2.6871411868;
2.74788374214;
2.67958259496;
2.71515127305;
2.67961016128;
2.64861704048;
2.74172998175;
2.73284322083;
2.61182025698;
2.69719002115;
2.56998665664;
2.5932106703;
2.69525928109;
2.58115130377;
2.63618161742;
2.67445125945;
2.68820678318;
2.72317252927;
2.69043815128;
2.65220170172;
2.69188087641;
2.74665601247;
2.68323372074;
2.68206585272;
2.78387221788;
2.72119865305;
2.71779780715;
2.67217301776;
2.66351933511;
2.81874272006;
2.75130296583;
2.77467550396;
2.85620457821;
2.76773289577;
2.84365694207;
2.91071066069;
2.90647221198;
2.91834642398;
2.91708977269;
2.92342926179;
2.89666600281;
2.93498883105;
2.88170235385;
2.91223563131;
2.90265014918;
2.87427670792;
2.85083096544;
2.93818212542;
2.82600396132;
2.91450625849;
2.9601248662;
2.91545080657;
2.95456017323;
2.9527622386;
2.97574243197;
2.96432836289;
2.94928870594;
2.99363334739;
3.01715727519;
3.02634304768;
2.88096089597;
2.92256591801;
2.9238335981;
2.90755220824;
2.86148073916;
2.90449532029;
2.869439418;
2.92589705608;
2.9965801368;
3.02982914813;
3.05088325689;
2.96074467564;
2.90404665124;
2.85771982501;
2.78719787004;
2.86828227875;
2.88359192931;
2.94375067861;
2.91729364996;
2.93215032361;
2.89405955237;
2.87837680062;
2.94739535677;
2.97777648427;
3.02953635342;
3.01962642896;
2.98294019992;
3.00660055427;
2.91403407207;
2.89200491851;
2.94613741886;
2.97652304331;
3.01639045334;
2.98875746052;
3.00310210346;
2.89157452331;
2.87439746326;
2.85743081616;
2.95025873909;
2.89932572615;
2.87077952587;
2.94651493269;
2.90482190495;
2.92427234565;
2.90799678745;
2.91553582166;
2.93050869281;
2.98790332275;
3.07066690627;
2.97073348019;
2.94503707156;
2.95957956351;
2.94345884022;
2.97694053438;
2.96190041773;
3.1097962798;
3.05435837498;
3.04542889287;
3.19982776127;
3.07066515363;
3.10216389615;
3.00108160151;
3.01526487073;
3.17092350906;
3.08474522492;
3.34208638207;
3.39941117895;
3.27962557879;
3.23334444031;
3.25188116877;
3.26290781397;
3.33570746906;
3.30270038823;
3.28501108033;
3.19818225071;
3.23901982385;
3.17404398512;
3.3111834301;
3.30560676096;
3.26265082231;
3.28459697731;
3.34588751892;
3.27772074775;
3.30062942737;
3.37009238759;
3.33438906325;
3.32530766814;
3.35334868315;
3.36840104061;
3.32228139316;
3.4646524833;
3.3380139823;
3.3615562079;
3.53693339384;
3.34366763325;
3.52878790346;
3.32776947608;
3.4861670136;
3.17279346718;
3.33199208656;
3.4678733206;
3.49279553945;
3.47252521964;
3.43700405489;
3.55276720261;
3.34252538792;
3.56486285036;
3.61347122721;
3.62829193594;
3.63909197417;
3.77482903342;
3.75870494944;
3.75072777283;
3.80488964751;
3.9312057956;
3.90183647152;
3.86240787062;
3.87171442724;
3.89888155177;
3.94704767338;
3.77276348869;
3.70592141328;
3.8934801804;
3.73252547108;
3.77096466461;
3.88110885757;
3.86797284773;
3.8770144526;
3.94630730628;
3.92412318693;
3.83595328032;
3.84441547763;
3.83779526858;
3.79963780368;
3.82515565877;
3.8012300792;
3.68424524217;
3.83635054498;
3.83401983118;
3.9137983609;
3.85207266219;
3.81073262585;
3.87249672497;
3.89534657194;
3.89883024312;
3.82033256309;
3.90993221784;
3.85889868197;
3.92336805048;
3.89919637426;
3.95462358056;
3.92088843434;
3.88919198384;
3.87299589229;
3.90090371819;
3.89329011433;
3.87953394651;
3.87730325875;
3.801026435;
3.81680655599;
3.81042059144;
3.88858735517;
3.86736513827;
3.77127689113;
3.8643419093;
3.93145796118;
3.9385323822;
3.92272750544;
3.91036841068;
3.82085415277;
3.80909892431;
3.89102443171;
3.93669603738;
3.96955585511;
4.06450032654;
3.91532940436;
3.92719581171;
3.93344591589;
3.92835725033;
3.93082112128;
3.91908742602;
3.94714266864;
3.9673819269;
3.93417625141;
3.85316379119;
3.83160176279;
3.97969952648;
3.81268518826;
3.908489984;
3.92634398343;
3.92693886793;
3.69266434179;
3.81534876835;
3.65169948914;
3.69575302787;
3.58309318206;
3.78360836342;
3.80595085832;
3.60147998501;
3.55062227535;
3.55518566424;
3.6333742005;
3.60589447708;
3.60800952037;
3.67422359267;
3.54054807127;
3.54350340194;
3.49617930219;
3.48435200648;
3.52569848449;
3.51220780703;
3.69306059048;
3.79833592332;
3.82342192316;
3.76878476736;
3.67531934407;
3.755622749;
3.71479529414;
3.60255898311;
3.88961610667;
3.82773549087;
3.93645696824;
3.88923583417;
3.78084114403;
3.99827104919;
3.94806359634;
3.82559518525;
3.77766531493;
3.71838930992;
3.67155619624;
3.65114323213;
3.91532266423;
3.67557925394;
3.63865062257;
3.65286131976;
3.79759612267;
3.74927143603;
3.67370254467;
3.6210954419;
3.62602659596;
3.49954420028;
3.48621685537;
3.53790727799;
3.50398809037;
3.47982936728;
3.36436060025;
3.04338989882;
3.04267652174;
3.07115541215;
3.08810542486;
3.04129991463;
3.06617161143;
3.1343175103;
3.15395414096;
3.13222042707;
3.04029646634;
3.22442826606;
3.34354502536;
3.37498043092;
3.14889736217;
3.1220819556;
3.31778913082;
3.19647478965;
3.16174669155;
3.29681485583;
3.25159872005;
3.43719803512;
3.32101774843;
3.41559617663;
3.46831708682;
3.39133891226;
3.40792586899;
3.33925559821;
3.42693054803;
3.42806486579;
3.2940225984;
3.29418768649;
3.44031915974;
3.32646766674;
3.45435917795;
3.64079864888;
3.72839672182;
3.71232160549;
3.57256625758;
3.74176944978;
3.83166351543;
3.60336528213;
3.4655034626;
3.70539872204;
3.69335020009;
3.62040424845;
3.65961320173;
3.35336308795;
3.40073819514;
3.47674713934;
3.42755551456;
3.49014975234;
3.40193744368;
3.28133264185;
3.26965555032;
3.19819297055;
3.26408780028;
3.18207398277;
3.26223146643;
3.23170233676;
3.18363911171;
3.34777631711;
3.251281381;
3.24075330297;
3.24907146863;
3.20710089715;
3.16315535535;
3.14713096527;
3.17320274606;
3.17701184736;
3.15141977124;
3.21742422233;
3.17891952346;
3.21539207708;
3.20008036195;
3.18588406047;
3.12429375205;
3.09695604073;
3.16241710451;
3.24044255991;
3.29074819028;
3.18499779007;
3.12815361528;
3.2646652877;
3.28491734702;
3.12699632146;
3.16088857948;
3.15810185647;
3.15381511456;
3.15192605594;
3.241543341;
3.25193681621;
3.19856631787;
3.22562780246;
3.25938878756;
3.27472560396;
3.30650847701;
3.28869791783;
3.28539790782;
3.23713012733;
3.27303163033;
3.15404598367;
3.13304111388;
3.16812361671;
3.15643930148;
3.12326740359;
3.15162702885;
3.10614170709;
3.1708830114;
3.13658073991;
3.16529108425;
3.19990507288;
3.15845590377;
3.16709174197;
3.16276287635;
3.20107697229;
3.14193882156;
3.21414801485;
3.14892291364;
3.09327153985;
3.12531833683;
3.18237959383;
3.17305189846;
3.18136636076;
3.14146386914;
3.05267663943;
3.06110334275;
3.12179964471;
3.0588956438;
3.06744818916;
3.12082660401;
3.09198697941;
3.21390890335;
3.14857120667;
3.17925261652;
3.24260326895;
3.25499651274;
3.26051054467;
3.03514426892;
3.09206154043;
3.09770589633;
3.02908256613;
3.14054832752;
3.1854509386;
3.08676245055;
3.19699246187;
3.17382645689;
3.22441124837;
3.16065560777;
3.20357152708;
3.08021943967;
3.08869778582;
3.04102138111;
3.00582140379;
3.0467003503;
3.06516660512;
3.13129629318;
3.0832094017;
3.11830742023;
3.149157215;
3.21790001609;
3.14562679324;
3.09820700101;
3.06513815524;
3.14636079871;
3.21018323932;
3.17786538432;
3.24326739734;
3.28965503219;
3.28600201397;
3.29580279945;
3.32691857967;
3.35904667538;
3.33356558979;
3.32620370666;
3.33952353368;
3.3039636844;
3.33962103446;
3.37900987821;
3.3261503027;
3.34294610093;
3.2890837312;
3.31428750482;
3.36611680203;
3.27979746266;
3.29172767465;
3.22647079274;
3.27040310094;
3.28800465284;
3.30227398582;
3.2836559291;
3.24442689083;
3.28402311065;
3.2808331081;
3.33797145392;
3.3718706106;
3.34642099844;
3.34897661431;
3.37146829828;
3.37076491654;
3.37279850524;
3.37624064257;
3.34842243943;
3.31499165193;
3.39053910379;
3.42198168018;
3.55232460421;
3.35509552057;
3.23867480771;
3.39205244916;
3.3060539189;
3.33663077878;
3.41222244092;
3.40341141092;
3.37125530472;
3.53236059731;
3.47470334466;
3.43384758529;
3.41780713532;
3.62262492842;
3.67073387665;
3.56467657641;
3.65784856255;
3.61508518781;
3.74279614202;
3.70052282267;
3.58150894006;
3.54574616604;
3.61072142509;
3.65415043816;
3.51482517274;
3.5207527415;
3.57324027038;
3.5632808671;
3.49300141784;
3.52206643953;
3.45868439617;
3.50975504714;
3.60112012637;
3.50549816257;
3.58484622725;
3.65657443784;
3.66320540043;
3.52900280657;
3.48957125998;
3.45049828624;
3.4106364769;
3.54952229779;
3.4927695516;
3.42047093938;
3.4139499195;
3.49933421096;
3.50421755184;
3.50360727114;
3.5642147876;
3.48055018901;
3.40273239823;
3.36646076974;
3.35938606536;
3.32408585016;
3.37474258271;
3.38649108008;
3.3974774606;
3.40509584894;
3.36620285722;
3.3111173169;
3.32686601165;
3.4583602645;
3.35250282816;
3.38594027131;
3.35412090234;
3.25734442935;
3.22454361645;
3.18868272126;
3.28476725132;
3.30425490533;
3.30220861161;
3.37810955457;
3.28722227401;
3.39664275975;
3.42568276077;
3.33471264055;
3.32336574368;
3.28329318729;
3.35791042341;
3.28076867979;
3.33114946311;
3.29841560473;
3.36778430438;
3.29627593994;
3.33391535096;
3.33101002593;
3.33765685475;
3.40332699434;
3.29448647919;
3.37946357687;
3.55872394667;
3.50671750264;
3.51984534589;
3.57054661063;
3.53144675861;
3.41802544983;
3.34221834748;
3.43803111136;
3.34808945176;
3.3236041389;
3.32614866213;
3.38683940532;
3.29880961822;
3.30996039679;
3.35673090239;
3.25061941256;
3.32669630329;
3.33667138489;
3.30325921608;
3.29553200949;
3.37989351419;
3.3254465124;
3.28258470602;
3.32254298954;
3.37480950318;
3.26185223794;
3.25218321474;
3.31821286005;
3.25698233055;
3.27775403447;
3.29087280615;
3.25598116882;
3.23179412577;
3.28862090194;
3.26095403559;
3.28519176172;
3.2735606679;
3.32482280684;
3.32620869986;
3.32694735164;
3.34761310271;
3.37743068016;
3.39848084009;
3.38803574146;
3.37134803136;
3.43128123177;
3.4466348827;
3.47128605189;
3.47067971788;
3.42800057304;
3.36140941978;
3.40607970986;
3.41237292512;
3.4763283773;
3.44721558723;
3.46404569031;
3.43719577325;
3.52650138247;
3.50557591634;
3.53119256038;
3.50943042138;
3.46705254258;
3.49609683279;
3.50439820857;
3.48668898763;
3.50325858381;
3.4662866409;
3.46108345446;
3.45504164961;
3.47074133744;
3.41295409294;
3.4101680205;
3.45604677593;
3.43870465527;
3.41547714331;
3.39675777458;
3.39140295372;
3.42950184884;
3.43212757625;
3.46933205656;
3.40023159313;
3.43884874954;
3.36575813079;
3.43965976485;
3.35090078145;
3.3384288666;
3.35179051979;
3.3199081831;
3.36699081913;
3.42670314712;
3.32813539713;
3.34258655577;
3.23238795278;
3.40843467736;
3.38740337348;
3.32583406506;
3.29002852758;
3.3216630315;
3.31177250198;
3.32446114145;
3.35373703539;
3.39207770848;
3.36879590621;
3.4447566662;
3.39251935891;
3.39179996438;
3.40692930024;
3.36312181204;
3.35428633827;
3.39647715805;
3.42099279092;
3.53705515892;
3.50905934991;
3.43444549673;
3.37205113523;
3.31377748014;
3.34470838347;
3.37846775435;
3.44585975135;
3.40243903703;
3.36597595076;
3.29524173681;
3.43531235107;
3.35342873073;
3.31991469839;
3.31899732775;
3.42978367772;
3.41288593212;
3.41655673539;
3.47356190622;
3.39707586062;
3.37956215597;
3.38411453597;
3.42176984714;
3.41007765585;
3.36385648161;
3.32258562246;
3.33976166469;
3.35591753261;
3.34269009461;
3.28523889707;
3.29392992143;
3.30760598799;
3.30603580622;
3.33627911964;
3.32267049812;
3.23339630328;
3.26162905215;
3.23585326899;
3.32169261235;
3.5050731633;
3.54130657487;
3.48495048594;
3.44579197511;
3.39200617624;
3.39281373883;
3.45152049995;
3.45565081772;
3.36001267759;
3.38627349911;
3.22241981127;
3.28828833656;
3.25512531502;
3.29187796409;
3.27368079543;
3.19732995691;
3.17011258016;
3.29531452555;
3.24187672168;
3.17506718777;
3.23117009386;
3.28493520096;
3.33125735845;
3.36371535721;
3.37149414234;
3.35777707757;
3.33541333913;
3.38110571217;
3.38995435322;
3.31945947806;
3.33038429414;
3.3094375518;
3.37764453658;
3.40574696488;
3.38220975079;
3.37473604051;
3.41879225775;
3.35798287545;
3.46307265091;
3.39898224728;
3.35820013108;
3.19564322961;
3.32046682801;
3.24535459902;
3.28144208319;
3.33016232088;
3.33743379488;
3.28400491608;
3.276416055;
3.33758645711;
3.25729835969;
3.33094241677;
3.32756436211;
3.37413146583;
3.46018871012;
3.26275661529;
3.34111044885;
3.41896416926;
3.34428416765;
3.33833383133;
3.39429541005;
3.31051180047;
3.29789068412;
3.26195061762;
3.28797506401;
3.34357069313;
3.39907254542;
3.35253863041;
3.29052068331;
3.39101597129;
3.32471293922;
3.48136920396;
3.52309410948;
3.4238213227;
3.33592117187;
3.39046778886;
3.3865984169;
3.38490724222;
3.37402597572;
3.33520866533;
3.428384683;
3.47751180375;
3.4707709692;
3.46656499586;
3.48795263034;
3.40821864824;
3.52175737487;
3.47698341434;
3.52459702825;
3.48108054265;
3.25901652383;
3.29199844868;
3.34083995794;
3.3319142539;
3.30706624017;
3.33037116851;
3.27424355656;
3.28063620511;
3.2504766706;
3.28858147437;
3.29122956919;
3.34707255342;
3.38846478646;
3.32766156772;
3.36474940327;
3.24654874602;
3.2994728637;
3.29259850145;
3.3331547765;
3.38892086994;
3.35467470635;
3.28393030933;
3.29278440087;
3.29184925519;
3.28623603588;
3.27582485254;
3.29322304891;
3.35625838995;
3.31723202939;
3.24194310417;
3.30862423307;
3.25276188962;
3.25243878507;
3.17579606788;
3.25716132875;
3.24755282146;
3.40096633339;
3.38271698808;
3.33359971662;
3.35182852117;
3.37895269906;
3.4364067251;
3.3806505965;
3.34955130346;
3.359790907;
3.38376020382;
3.32795535232;
3.26187089577;
3.31519495485;
3.38622934881;
3.36930551902;
3.34071102835;
3.32640933085;
3.35740250018;
3.28798272611;
3.28832156967;
3.31441797365;
3.48949333991;
3.46525641892;
3.25628351966;
3.28271828544;
3.35272126548;
3.35512086991;
3.2652188601;
3.28178584362;
3.31272151468;
3.30821422467;
3.3676055575;
3.44555963647;
3.35753048885;
3.33724467386;
3.3533369141;
3.38013833338;
3.26370974969;
3.28588688249;
3.38063843382;
3.31496717384;
3.3394716943;
3.40298750509;
3.47771131952;
3.47788530595;
3.53243867841;
3.44268935601;
3.48973153621;
3.57293477299;
3.57354019489;
3.56020912712;
3.5792331444;
3.6725342021;
3.59315258976;
3.60026391247;
3.55923628426;
3.59527728637;
3.59642367085;
3.55837823268;
3.54667534256;
3.51499430383;
3.55363297136;
3.57066621385;
3.54705940264;
3.52843932108;
3.55054057354;
3.56028224377;
3.57629563035;
3.53391214314;
3.55156162194;
3.54553714148;
3.56235020359;
3.55366953798;
3.52912301542;
3.47230256961;
3.44278312957;
3.44659881621;
3.34750042825;
3.33679864401;
3.32850942933;
3.20399837356;
3.28377327821;
3.30100762652;
3.37739600622;
3.38831342659;
3.2580911678;
3.24355142716;
3.24573914596;
3.33918756355;
3.39090392829;
3.41575872297;
3.35304791132;
3.27651105805;
3.33266226243;
3.31392594137;
3.33862276508;
3.49065874619;
3.4591978014;
3.51345880165;
3.4752970545;
3.46308218267;
