1.85129797382;
2.10533897986;
2.15069257023;
2.20769892167;
2.25196065731;
2.32737508723;
2.48243279526;
2.54983033998;
2.60185286573;
2.6131905279;
2.5856923641;
2.58355943389;
2.52555115793;
2.72379181291;
2.62428112153;
2.67833591888;
2.75683609289;
2.81986852114;
2.77757640492;
2.87767533622;
2.92648280087;
2.88996961618;
3.05789249374;
3.07877955295;
3.00648942336;
3.01766961257;
3.03995732226;
3.00280660382;
3.12228300193;
3.13143454854;
3.09536055871;
3.08173738182;
2.977720564;
2.93044935067;
3.04576824634;
3.06769054014;
3.09434866708;
3.23938889621;
3.14664287297;
3.12803786045;
3.14418873726;
3.25641821602;
3.25379879907;
3.20431589017;
3.31730628142;
3.23220890382;
3.23984586994;
3.31782434784;
3.27018005137;
3.24709717139;
3.23294427391;
3.17618739863;
3.04893192813;
3.27302141867;
3.26319632905;
3.34629289224;
3.27148859936;
3.26068853347;
3.24560674868;
3.24058054043;
3.20699010031;
3.23246575041;
3.22723156765;
3.21270380551;
3.28468010483;
3.25415884411;
3.19157061219;
3.18996954282;
3.16191809625;
3.1643454378;
3.16635051149;
3.24410374367;
3.17546445452;
3.17969805562;
3.27151340012;
3.21962896958;
3.23189560607;
3.22289408694;
3.33744713284;
3.31800818226;
3.33522324525;
3.29113651369;
3.24806339452;
3.29715943846;
3.32012814966;
3.32873951746;
3.30462204198;
3.44363924232;
3.28949555618;
3.22546057725;
3.29596592673;
3.22264621956;
3.22283920671;
3.24978973363;
3.23532118718;
3.22407077126;
3.19084576091;
3.26746133106;
3.25122590513;
3.31980955601;
3.28914976892;
3.32216239683;
3.33812941174;
3.30885652914;
3.38888291872;
3.32212178017;
3.37779055408;
3.40370205124;
3.36653475139;
3.2457956201;
3.26056844397;
3.30322658166;
3.22636136197;
3.26088643281;
3.19209046179;
3.28209118679;
3.21971248377;
3.16788472405;
3.19365956492;
3.25640037945;
3.26452830708;
3.28352152957;
3.34119949726;
3.24067797056;
3.27661764199;
3.25620460441;
3.23821021253;
3.3389772553;
3.28614566053;
3.33039121113;
3.31791802984;
3.26738714139;
3.28772177533;
3.36231958396;
3.23605952194;
3.21076205796;
3.21491055517;
3.24084249846;
3.23113662419;
3.24958768494;
3.26146788447;
3.2330881991;
3.35715357808;
3.23763889439;
3.27672985538;
3.24753262017;
3.19975474598;
3.24105609482;
3.28901755362;
3.24473463674;
3.31831170415;
3.34253775034;
3.26089647798;
3.19147948492;
3.22089050215;
3.32810660827;
3.3442780109;
3.2535731736;
3.29691433974;
3.33940480208;
3.30261605687;
3.19924390506;
3.2487007879;
3.22774312004;
3.2524768233;
3.32619303873;
3.29881407383;
3.3435828643;
3.27295871093;
3.34234498193;
3.31526607009;
3.31776356195;
3.3600155488;
3.32632067394;
3.27787435481;
3.22581700643;
3.23711422223;
3.33130451652;
3.31444822058;
3.14448414069;
3.13575451513;
3.11936613211;
3.17889754138;
3.20483194572;
3.16213702045;
3.10212653072;
3.13150986269;
3.10798328526;
3.18509792684;
3.2425801469;
3.24518049978;
3.37735884052;
3.3129658157;
3.27705853306;
3.29031883803;
3.22183267979;
3.20559310372;
3.17818815523;
3.22833268838;
3.36538221126;
3.35230375792;
3.33331885536;
3.45014480183;
3.37225873617;
3.35313303361;
3.36281845072;
3.42405563147;
3.35219443926;
3.27378614252;
3.25144558263;
3.3140990365;
3.3477633376;
3.36382585818;
3.33535517611;
3.39431087709;
3.55813324;
3.47331792041;
3.48511289178;
3.51218690136;
3.51123150393;
3.41913191841;
3.42487452596;
3.33599128856;
3.37223954567;
3.39170040215;
3.38869644173;
3.39808210679;
3.41352185806;
3.3260121635;
3.31749716614;
3.33547786585;
3.32989881722;
3.28915881004;
3.34549518781;
3.36566761539;
3.43599883671;
3.38225254285;
3.43741539167;
3.34833447969;
3.38125575591;
3.36778344971;
3.4085392489;
3.36148592397;
3.41392610735;
3.32257208544;
3.37431340677;
3.42708359677;
3.4290912895;
3.42574860319;
3.39977186998;
3.48830423766;
3.41551355484;
3.47532190743;
3.48569064142;
3.4041230669;
3.53648285379;
3.56246242698;
3.542160978;
3.49905537054;
3.54627182284;
3.6355301032;
3.67570494113;
3.57341287012;
3.60531565244;
3.61405242882;
3.56199146785;
3.65130694459;
3.71778563581;
3.7377857734;
3.70190118495;
3.66397251161;
3.63267350616;
3.7487108249;
3.71522946542;
3.63942800311;
3.67741874298;
3.68563772425;
3.691152696;
3.70306819286;
3.61800871161;
3.76756636042;
3.81407370502;
3.73075547292;
3.71214764374;
3.75279556888;
3.72325471992;
3.7098007382;
3.63581909969;
3.65593528833;
3.68231328214;
3.69819591488;
3.67269785155;
3.66075566151;
3.6837359587;
3.74300025439;
3.72370027126;
3.8573417321;
3.75780149183;
3.89152497324;
3.85440703197;
3.87756782806;
3.86332922697;
3.84929115096;
3.85837732208;
3.85552859256;
3.86389649402;
3.7532807047;
3.78334530667;
3.76700305296;
3.81309931812;
3.75248342665;
3.76165630641;
3.75721907826;
3.6833134654;
3.70323781501;
3.71439713487;
3.75936751082;
3.78692778599;
3.82118313908;
3.93813390645;
3.79631540797;
3.88923376286;
3.76175199093;
3.76346070359;
3.79844807452;
3.73560032579;
3.84021936817;
3.8742397256;
3.91299389931;
3.89904141792;
3.89007992147;
3.82313172827;
3.78489496523;
3.88730653227;
3.74589481566;
3.76450707735;
3.72477255373;
3.77239603789;
3.90336207426;
3.71490410252;
3.83859566534;
3.93822915845;
3.98528502109;
3.90587624967;
3.88816699467;
3.91392084716;
3.88372121423;
3.9180567089;
3.97804690639;
3.84764413471;
3.93352571815;
3.96386020642;
3.86594061815;
3.94859400098;
3.89696163137;
3.85598800792;
3.91120976607;
3.84611681614;
3.83471749484;
3.85459439815;
3.90705836544;
3.86217338704;
3.80574613458;
3.79084898715;
3.70427437636;
3.79303530502;
3.80704634923;
3.83257766383;
3.75440406697;
3.83247639909;
3.80298582347;
3.76487120306;
3.75236198733;
3.76457811851;
3.79543742672;
3.76757983176;
3.79675755651;
3.76761834865;
3.80306502646;
3.77466784428;
3.75375818199;
3.74193254557;
3.61291252397;
3.66817421215;
3.69965340437;
3.6468994558;
3.66260670829;
3.69570373279;
3.72391436912;
3.79585747529;
3.88127448929;
3.74816077814;
3.6868737291;
3.63707152114;
3.55884541043;
3.64401363231;
3.66381658279;
3.72006364132;
3.67179297249;
3.59210437108;
3.57311409928;
3.61389143184;
3.70354477738;
3.76928126013;
3.70583647422;
3.72118139375;
3.78238244363;
3.72182438608;
3.86721963805;
3.88643960526;
3.84597909562;
3.83479540562;
3.81425367965;
3.82962285602;
3.81346088576;
3.89932229147;
3.93346919154;
3.85477174047;
3.92512281576;
3.87445329651;
3.82406506455;
3.95571159888;
3.93543192123;
3.81015752089;
3.8138025678;
3.86659959967;
3.88596928852;
3.86052346921;
3.79138727625;
3.83440759646;
3.81771943264;
3.82564021809;
3.77173886772;
3.73004646691;
3.8363300209;
3.74646548213;
3.67665178467;
3.65714607735;
3.70226003997;
3.82163817164;
3.77037502381;
3.79544220164;
3.86592605492;
3.90683914496;
3.87732118835;
3.88687806458;
3.95317407882;
3.97178255843;
4.00976960171;
3.91036757438;
3.94661364867;
3.90957623229;
3.83407282627;
3.93718775149;
3.90474450304;
3.77796856371;
3.76824133474;
3.83529637846;
3.93722462297;
3.90420905255;
3.90460992936;
3.95556583861;
3.87944040331;
3.86520860406;
3.84627271966;
3.86769294948;
3.8852406569;
3.88740000397;
3.88914704941;
4.02723861798;
3.90975654881;
3.85771162945;
3.90708720926;
3.95132479797;
3.92044122702;
3.89054222482;
3.92046229127;
3.89794191031;
3.87025322239;
3.85264313649;
3.88560551048;
3.88989073325;
3.98414367313;
3.90982738496;
3.93910147423;
3.81299130876;
3.8182503068;
3.80374037195;
4.04023398198;
4.08107565217;
4.00877492608;
4.06433531487;
4.02083061203;
4.01349851803;
4.1199284609;
3.97331482672;
3.925102824;
4.00444319372;
4.0738042624;
4.12873798281;
4.21126037365;
4.09303883778;
3.95908693422;
3.94159904198;
4.08978190625;
4.08118469985;
4.12912960794;
4.13344550374;
4.0437312978;
4.04611921919;
4.07587482105;
4.10434653309;
4.03936005716;
4.11650821078;
4.13941415845;
4.12792397447;
4.02840484072;
4.052696778;
4.05487751714;
4.03910557944;
4.07228959759;
4.11486894785;
4.0973999493;
4.06247490029;
4.10115258535;
4.0683771278;
4.05166581353;
4.16127585511;
4.07693195644;
4.04500060106;
4.14238761969;
4.14363541729;
4.1261578075;
4.18636728383;
4.0994512948;
4.21250390991;
4.10558774883;
4.12576324105;
4.18408459937;
4.15327575264;
4.26495852092;
4.1738325529;
4.15376993056;
4.25230883302;
4.28893285228;
4.34628803349;
4.35089200612;
4.23531759932;
4.34933238851;
4.28121655002;
4.24475274744;
4.11920838746;
4.11528052571;
4.03631559867;
4.00352200856;
4.10288122668;
4.18988972941;
4.04972667132;
4.18517985575;
4.17739465;
4.1884137083;
4.24182779804;
4.30116377377;
4.30586509293;
4.34933671735;
4.33349604605;
4.36289884012;
4.35967625919;
4.21331850212;
4.17158562051;
4.08962748786;
4.15928882765;
4.25585371519;
4.23226569813;
4.29939938119;
4.2321442896;
4.25323227517;
4.21966130884;
4.22167311938;
4.19324534173;
4.11783639989;
4.14519795666;
4.12683407466;
4.11753276887;
4.17940639278;
4.21494365383;
4.09050891303;
4.18044170763;
4.14486337613;
4.12441048165;
4.05397720302;
4.10843428984;
4.19985086623;
4.28070818316;
4.3364375397;
4.27509086503;
4.28104669002;
4.20317799518;
4.22337472689;
4.31491286393;
4.27329452322;
4.32209269;
4.21426899139;
4.32109584326;
4.28323174157;
4.27609087623;
4.23438683747;
4.23114286903;
4.21240799781;
4.25091631445;
4.1882486255;
4.19520855066;
4.25286030463;
4.23659424809;
4.29062385983;
4.14645322326;
4.11638328439;
4.24151896069;
4.23891628821;
4.24626476346;
4.15569967609;
4.21884119958;
4.20809853006;
4.25045501762;
4.24805477417;
4.22209684397;
4.22701968738;
4.21996308905;
4.233217798;
4.1679430106;
4.1658486314;
4.20466293554;
4.14714865655;
4.15012048493;
4.09181645961;
4.15006234291;
4.16029610281;
4.20160152746;
4.14734296919;
4.17469865576;
4.13185158952;
4.22606710321;
4.15337997449;
4.14678727879;
4.13798308418;
4.12030555727;
4.13471627179;
4.18029551348;
4.14942878655;
4.14308087605;
4.18543891918;
4.20029456803;
4.14537164234;
4.09860873845;
4.14893822776;
4.21476931737;
4.26640004054;
4.216402261;
4.19303721383;
4.19713643473;
4.16493219978;
4.22140559209;
4.26747008855;
4.20739215467;
4.26148278246;
4.12169967851;
4.13189463539;
4.17268002966;
4.14707936049;
4.22628815581;
4.2611703075;
4.18655098918;
4.16644339304;
4.25181061656;
4.25627261883;
4.20514779003;
4.21539349231;
4.11962576448;
4.15109965681;
4.17267706202;
4.27527275536;
4.25982031052;
4.28565639682;
4.23608383178;
4.20035436151;
4.2971054239;
4.28694398034;
4.24525599881;
4.05433873058;
4.08216144895;
4.13947435597;
4.06765114228;
4.17449072709;
4.12848938422;
4.16796274937;
4.26663530762;
4.22397709231;
4.209836149;
4.14871203467;
4.10182809148;
4.11985019468;
4.16606067982;
4.20718393114;
4.26034610128;
4.31114729462;
4.25561296425;
4.30173375493;
4.28299007857;
4.2485015028;
4.22664811712;
4.16424724482;
4.22168562515;
4.20028563792;
4.25133711939;
4.18937120891;
4.17197927087;
4.23500830434;
4.22891928923;
4.22341584643;
4.23039360852;
4.24907041342;
4.24597574806;
4.27494469781;
4.2153912942;
4.28095625226;
4.16643624566;
4.19351879112;
4.26293692547;
4.30732079472;
4.23549963705;
4.25958639066;
4.27849520398;
4.16421226609;
4.17585149247;
4.17056734003;
4.16708874311;
4.1468837045;
4.05946824776;
4.20082794684;
4.07667478901;
4.10514632522;
4.14823146455;
4.18178236979;
4.19928459677;
4.08965347246;
4.16438511737;
4.16544188612;
4.12672092591;
4.14562492451;
4.15414048895;
4.06120950631;
4.08591351407;
4.08933366771;
4.11770741727;
4.16324774299;
4.1999027382;
4.16426924982;
4.14283412585;
4.17897673677;
4.1454669997;
4.11273885127;
4.08190765631;
4.05494134437;
4.12580816466;
4.24690914388;
4.32175512154;
4.2930840664;
4.23614976307;
4.21978897554;
4.16356746031;
4.17926277243;
4.20821596116;
4.17102712693;
4.17740521235;
4.25403402561;
4.3137296215;
4.17268606113;
4.19293279365;
4.12790446451;
4.24378998231;
4.15533032237;
4.18749208126;
4.12947483158;
4.04761167938;
4.10089070377;
4.07109285532;
4.05927543346;
4.14740962556;
4.08051569823;
4.12986582441;
4.21185889233;
4.10385573618;
4.09199801864;
3.98452489206;
3.84954350185;
3.90002570096;
3.87865340455;
4.07437497997;
4.12161471324;
4.12172651026;
4.1174481217;
4.12593171315;
4.07325910017;
4.09513807114;
4.05375400013;
4.07977943306;
4.1850908339;
4.14143797239;
4.14029598774;
4.25413016132;
4.23553713824;
4.1946523905;
4.16673540373;
4.11447349353;
4.12795589701;
3.97839681303;
4.05506797795;
4.12762550695;
4.11434843585;
4.18744792059;
4.14669886108;
4.09926056168;
4.11194374975;
4.11611228108;
4.10697248096;
4.11961751231;
4.1354913462;
4.11659228225;
4.07298232457;
4.11967540513;
4.11169353604;
3.99751990453;
4.11115830713;
4.14873500093;
4.10114263525;
4.08775168384;
4.1681793668;
4.11174898647;
4.13239171462;
4.11692246432;
4.08675206541;
4.05773184896;
4.06618757992;
4.0171919866;
4.00747184569;
4.01411958756;
4.0340365284;
4.04947093194;
4.00394919087;
4.0073656301;
4.0201206863;
4.02073833857;
4.00583828363;
4.06752255671;
4.07852850068;
4.06622364685;
4.09584234689;
4.11068202136;
4.02610120441;
4.011979337;
3.97364346474;
4.057571979;
3.96119944105;
4.00742123963;
3.97400453758;
4.05460595121;
3.96760306639;
4.01317363329;
3.96771594759;
4.02816238438;
4.14484185535;
4.11059613976;
4.12307418582;
4.15186666592;
4.12466335354;
4.11964272547;
4.08192450275;
4.07596786627;
4.06184499558;
4.09663846146;
4.07282472109;
3.99606742293;
3.99111288337;
4.03933049111;
4.03558768937;
4.057845992;
4.02594820273;
4.10778935229;
4.14154041583;
4.02213322187;
4.09469005813;
4.10580946382;
4.16215668785;
4.22389436219;
4.12126060828;
4.15013711376;
4.11580736489;
4.07832122364;
4.07157878861;
4.07552977228;
4.10282580366;
4.1873675681;
4.23485346844;
4.25936699042;
4.19771860363;
4.21324182661;
4.17030244901;
4.17162564557;
4.19065942352;
4.11577502506;
4.17823468145;
4.07036969109;
4.04441515052;
4.07081195356;
4.06812945695;
4.14333124129;
4.12854147185;
4.11860343244;
4.12906836558;
4.13878979489;
4.13139100211;
4.08729978428;
4.09347820861;
4.16638753469;
4.07703383856;
4.21445100339;
4.21824587709;
4.22420886905;
4.29860695092;
4.31750651056;
4.33871549751;
4.26984316248;
4.17630223083;
4.22636327522;
4.01770171887;
4.04796838014;
4.03858137532;
3.99703407007;
4.03237749287;
4.11766542881;
4.1246776703;
4.18911204888;
4.08004474632;
4.0855381778;
4.07454732346;
4.06657147264;
4.17795595862;
4.06339634002;
4.15332903594;
4.08396766994;
4.1073523061;
4.07459998541;
4.04949786327;
4.01780247811;
4.01693270748;
4.00984228674;
3.9797204682;
4.08703661695;
3.903830872;
4.19615332344;
4.13859185925;
4.19681967775;
4.24431411847;
4.16419723829;
4.15897369412;
4.24059099321;
4.24645455092;
4.28094822112;
4.19636688502;
4.19438223021;
4.3110302222;
4.24770206848;
4.33547081842;
4.31247298604;
4.29942796735;
4.26603026095;
4.2218578451;
4.24302621658;
4.24672413427;
4.2801091712;
4.09741551131;
4.23423431535;
4.14954008599;
4.19782086457;
4.16822046882;
4.24738030447;
4.25912464187;
4.16942168671;
4.24072752365;
4.32214678065;
4.29445478225;
4.27298992785;
4.1672226932;
4.19506089096;
4.18444425434;
4.20115056572;
4.17298418141;
4.1978559837;
4.29016083976;
4.32164247477;
