1.86105053888;
2.03997140216;
2.26783781155;
2.49618440104;
2.58876592972;
2.55010703416;
2.55824219867;
2.54298949855;
2.73535397112;
2.64509342509;
2.6764008331;
2.70540076096;
2.73060426157;
2.81461264367;
2.80981794308;
2.75245735952;
2.823460973;
2.91704844771;
2.91366378837;
2.94077530263;
2.92831663478;
2.8641390621;
2.86214449592;
3.02563439928;
2.95012546301;
2.78486536041;
2.75157253712;
2.84978951532;
2.83255659893;
2.85698555859;
2.88112784136;
2.92166459254;
2.9349234364;
2.95003811056;
3.0612767035;
3.04230118592;
3.07477714624;
3.14900562561;
3.17608756853;
3.13040103411;
3.12007665495;
3.09214001302;
3.19597909558;
3.18839193528;
3.16349208096;
3.28455153157;
3.26035575413;
3.26554749794;
3.28122772439;
3.20355035598;
3.18826667009;
3.28130623441;
3.25527104442;
3.22293199392;
3.21636302468;
3.35367206217;
3.20148585276;
3.23178525159;
3.33027381318;
3.26036148166;
3.33078615484;
3.39307281819;
3.48643696818;
3.45099974337;
3.44273316941;
3.38354640624;
3.45111903084;
3.43663550968;
3.48404005864;
3.35839133716;
3.38273283515;
3.45034170826;
3.34658821985;
3.4263652709;
3.47179039573;
3.41349315428;
3.42431057751;
3.41657807359;
3.36488183843;
3.38813918138;
3.33659597803;
3.30471520303;
3.37775828816;
3.36833319804;
3.42394211548;
3.41472992693;
3.40425106849;
3.4661697305;
3.42658524345;
3.45856997522;
3.35968966478;
3.35116439558;
3.35589484789;
3.34739849364;
3.40322374092;
3.45632264739;
3.41778970684;
3.48738993101;
3.44284115725;
3.46429963745;
3.53914981039;
3.61865340939;
3.63590222244;
3.58873080397;
3.55938246534;
3.52214651388;
3.48375851221;
3.50459634599;
3.51591887221;
3.48892581828;
3.51609732418;
3.46695654321;
3.49481436539;
3.58210127275;
3.68498626833;
3.62857425912;
3.67840690707;
3.60935928536;
3.57998045923;
3.63377165284;
3.59650212507;
3.61770777719;
3.62730178001;
3.68865927576;
3.7186567521;
3.6467550966;
3.62106667627;
3.62359834212;
3.62615373584;
3.57466538678;
3.61998406198;
3.59328118962;
3.53465777665;
3.51770546288;
3.48422507148;
3.51097973565;
3.50689841383;
3.4979773988;
3.44849211038;
3.42580518558;
3.4059338543;
3.37221771772;
3.37998199263;
3.41496422036;
3.28224527525;
3.30521218127;
3.35860028648;
3.34390482145;
3.37322234582;
3.34215171395;
3.4123596173;
3.40511401995;
3.34169125735;
3.36218678143;
3.37438664957;
3.35689880925;
3.22843331032;
3.31565465356;
3.19046883492;
3.20262316434;
3.2024097789;
3.32938797496;
3.34543308776;
3.27261080225;
3.24526995143;
3.19958252706;
3.09384015714;
3.13207032636;
3.16489888592;
3.16918791454;
3.33491667087;
3.1205552872;
3.21007850808;
3.21130316888;
3.25626970598;
3.24916707292;
3.27740949235;
3.27430033759;
3.319786611;
3.26615635956;
3.34216692277;
3.23281845671;
3.27322119702;
3.33933925732;
3.18786100281;
3.30102334912;
3.22701640332;
3.26038239842;
3.33309170695;
3.38106928232;
3.30033679514;
3.31974222523;
3.36508343031;
3.38570421692;
3.25022031429;
3.24143071689;
3.25224431253;
3.22729527264;
3.13506417046;
3.1233346233;
3.20356755656;
3.26685865103;
3.26373243627;
3.34810153543;
3.25053381022;
3.19958363554;
3.13592235206;
3.17675404241;
3.15039893054;
3.08944258433;
3.12214288286;
3.01443528836;
2.97321943637;
3.01481675353;
3.04085526732;
3.008996312;
3.06586747351;
3.14101266623;
3.12419739458;
3.14331004064;
3.17197757129;
3.15971143204;
3.19125817696;
3.17197212165;
3.20269404848;
3.19304980207;
3.10328840166;
3.08626784922;
3.08953417739;
3.12328457385;
3.08390227028;
3.15609336799;
3.10738648972;
3.13144272832;
3.17059750942;
3.21529013792;
3.23389282309;
3.22363653394;
3.17815853621;
3.20407855851;
3.10921006691;
3.18433106325;
3.34164724863;
3.22013637059;
3.27124832973;
3.21864420528;
3.19245018478;
3.21759732841;
3.23045725213;
3.29569693131;
3.22461902986;
3.34037497991;
3.33265513374;
3.28106607071;
3.29797347893;
3.44348347915;
3.41713128715;
3.48120841452;
3.46839297475;
3.35048894997;
3.35155987118;
3.30859215596;
3.6486277771;
3.66005332877;
3.79955382932;
3.85082397634;
3.9145085947;
3.82817369793;
3.89451471068;
3.87743404891;
3.88131671705;
3.94320311488;
3.82618249814;
3.85287235525;
3.79935802719;
3.96647413756;
3.9097358676;
3.99899613152;
4.01009989775;
4.00857874829;
3.8448507918;
3.80356503986;
3.76622169228;
3.73980352197;
3.74088128795;
3.82671023927;
3.78072205946;
3.69874951813;
3.65622816545;
3.74017972788;
3.86951046315;
3.90691584362;
3.901125162;
3.8705243038;
3.82839787859;
3.8675565499;
3.87307715611;
3.88319240127;
3.89496552064;
3.89010708068;
3.88152593741;
3.9967620674;
4.05165711334;
4.03061425438;
3.95514797634;
3.89496350292;
3.95862644556;
3.98889676696;
4.00259256427;
3.99629407895;
3.99729105569;
4.05930584574;
4.083036608;
4.12096067095;
4.21586864684;
4.13064421578;
4.1978561719;
4.24118381906;
4.19316617523;
4.11085690195;
4.17351259406;
4.14791903687;
4.11610168273;
4.17785377797;
4.14464313995;
4.11523339342;
4.08382759127;
4.12933367043;
4.16614945484;
4.19242101202;
4.11474785312;
4.09560121317;
4.15514128356;
4.18577886483;
4.26370083264;
4.23941644036;
4.20849935941;
4.15489562524;
4.1583118068;
4.11670655456;
4.06018717384;
4.10600377562;
4.16356398374;
4.19956496696;
4.23399195161;
4.249859951;
4.18282631644;
4.18876114719;
4.24760670658;
4.30064266067;
4.2783046953;
4.2877983444;
4.17610272947;
4.19301679274;
4.11913480829;
4.17695421045;
4.23167487494;
4.14162524539;
4.15237526214;
4.07548531843;
4.08961191043;
4.16541522741;
4.14104496041;
4.19816558162;
4.17882265751;
4.2144106756;
4.19839459624;
4.18877949466;
4.14798586956;
4.10478723511;
4.12657307063;
4.1683917609;
4.12532812092;
4.08225084157;
4.16918339016;
4.09161754643;
4.12217395089;
4.21651363436;
4.19660927198;
4.10791875126;
4.13004408695;
4.10716713236;
4.16757022952;
4.14862058803;
4.23532440823;
4.19076434731;
4.25136094574;
4.3321498018;
4.27372714224;
4.13638933631;
4.25055777662;
4.25089308759;
4.25461334952;
4.27730741759;
4.33267407914;
4.26378651957;
4.27029161658;
4.3225908353;
4.2928975495;
4.32387047156;
4.4255092504;
4.33387488654;
4.35258132749;
4.33954316947;
4.3167891785;
4.31376553371;
4.31807398476;
4.33727923482;
4.32795427679;
4.24186910666;
4.29111017556;
4.29242257684;
4.28164635612;
4.3301117609;
4.31855137356;
4.25011611428;
4.25516065644;
4.22794962773;
4.21705057603;
4.26840454319;
4.2949066216;
4.27446624477;
4.25246167998;
4.12969481108;
4.22615653657;
4.1653152536;
4.23774947887;
4.33462831624;
4.36918015032;
4.35611624533;
4.24974946885;
4.32054828836;
4.38265954716;
4.32420988153;
4.37824113717;
4.36708510853;
4.34755440555;
4.34211891969;
4.35025211391;
4.31334690681;
4.2997454593;
4.27456164828;
4.34984746999;
4.32577866677;
4.31443249471;
4.33891071419;
4.33045831042;
4.35605809628;
4.30327334032;
4.3255687651;
4.36108816002;
4.35155096305;
4.37827408113;
4.37120702907;
4.39835298834;
4.35110595662;
4.29614084367;
4.38182060937;
4.42582945997;
4.45165511989;
4.43525617846;
4.41251779435;
4.38096931399;
4.30034565421;
4.34465804944;
4.32984602838;
4.39650176236;
4.36811629334;
4.36157010329;
4.40895912804;
4.41937840756;
4.41445547959;
4.46337036211;
4.46040525909;
4.39493943838;
4.43348733129;
4.41701928866;
4.37977612474;
4.39776461083;
4.39920269649;
4.32648445091;
4.35236108704;
4.30011055589;
4.31338986748;
4.34122563934;
4.32583193538;
4.30888164844;
4.24904703783;
4.31704538971;
4.31224576073;
4.30822473677;
4.37242240885;
4.35537310732;
4.3179198837;
4.36802601785;
4.34245609006;
4.34114348411;
4.32788670525;
4.27239713533;
4.39807943298;
4.41103842199;
4.35175046189;
4.42065275728;
4.39033779329;
4.40838957515;
4.37295612473;
4.33474856064;
4.33923240745;
4.24855787557;
4.13754682767;
4.31235408918;
4.25667299271;
4.34374535427;
4.34994309281;
4.27468936571;
4.37888617732;
4.30918085922;
4.33371362995;
4.30081654237;
4.32778918034;
4.26182964874;
4.27321483021;
4.24305611107;
4.26986492848;
4.32102242302;
4.31888463193;
4.38672194464;
4.48747474402;
4.34411657712;
4.39316071055;
4.26392732162;
4.24556623728;
4.38134568655;
4.35529795691;
4.373679601;
4.44774294158;
4.44110931966;
4.2986474986;
4.28489528308;
4.23422545112;
4.26197902978;
4.25037698795;
4.1356933546;
4.10067924736;
4.30375306187;
4.27583861611;
4.269116197;
4.23128162267;
4.22708221751;
4.22884192497;
4.27446672931;
4.21313262508;
4.17518207996;
4.19415552258;
4.20068652095;
4.24314003408;
4.23524730039;
4.21861944396;
4.34063938472;
4.29314669233;
4.28061899742;
4.32455458275;
4.38450055056;
4.34158503618;
4.36946286992;
4.2224324192;
4.20077367911;
4.22222820298;
4.23344481531;
4.23136060714;
4.21154844153;
4.25880880907;
4.31025216615;
4.25251910122;
4.3033138385;
4.27606567879;
4.31005547679;
4.26112430586;
4.31088868413;
4.27288741471;
4.29472566323;
4.2923475629;
4.29115225477;
4.26282056316;
4.34233519933;
4.34664460904;
4.41513227535;
4.40133016453;
4.29938509;
4.3210726541;
4.3195159463;
4.21930769974;
4.25888167258;
4.18565306092;
4.33085021346;
4.31720009301;
4.24666784703;
4.32407305429;
4.27253245122;
4.38290309576;
4.30654423668;
4.23586958014;
4.33556763573;
4.23943714701;
4.28988654667;
4.30440754815;
4.28756484542;
4.34680336332;
4.40306987849;
4.24226305772;
4.37137582408;
4.37177065361;
4.34499672373;
4.30262276555;
4.33692656696;
4.3209113825;
4.36465480909;
4.45821378638;
4.41887872676;
4.36973797657;
4.38256417585;
4.41437152965;
4.35324599398;
4.34399529395;
4.40059866959;
4.35846723032;
4.35145377028;
4.37457405956;
4.29661856394;
4.2884507982;
4.33356578365;
4.35427733934;
4.37021819007;
4.30716451078;
4.34013814952;
4.38758736203;
4.43997976904;
4.42306144079;
4.32178278034;
4.36973635081;
4.27872867504;
4.28036041849;
4.37214833462;
4.43314588871;
4.28418677578;
4.34524591818;
4.39159483863;
4.30430790116;
4.31793718184;
4.35669622665;
4.36451698166;
4.39555936263;
4.35612552423;
4.37353798373;
4.48766746223;
4.36443430563;
4.42628680438;
4.40136786933;
4.4516271271;
4.3833898769;
4.47845258777;
4.42873479489;
4.50799990942;
4.37555677618;
4.37678640534;
4.32529170997;
4.28604169414;
4.30429109628;
4.36233538873;
4.38515899816;
4.4201314749;
4.38737473177;
4.35321702126;
4.40003296062;
4.43516617048;
4.47756256979;
4.44284177986;
4.45227019029;
4.39157398875;
4.43407526999;
4.43994596307;
4.43665396959;
4.41067941909;
4.38334122817;
4.32909046727;
4.3474611927;
4.36478246135;
4.40782039281;
4.38019789048;
4.36638119874;
4.33969854625;
4.40370398199;
4.42422100008;
4.38946574138;
4.40012119654;
4.35533264364;
4.43528346973;
4.42755089198;
4.40018984343;
4.40943991483;
4.42333363933;
4.4903657148;
4.44048855439;
4.44376424593;
4.39782397472;
4.38250357834;
4.31168208379;
4.38282891056;
4.46722155714;
4.33036260434;
4.31910398131;
4.43382831558;
4.3666391561;
4.39005690806;
4.35349491326;
4.38015637108;
4.37654256374;
4.33465673387;
4.44494302666;
4.48179874743;
4.43538118957;
4.41376723497;
4.46667574215;
4.41615672533;
4.40636560569;
4.35607728775;
4.32547505717;
4.25821152143;
4.27140711551;
4.2873583567;
4.28731868977;
4.20271677789;
4.29049083229;
4.29357286816;
4.28622562467;
4.27122434049;
4.26182650781;
4.23759116614;
4.25056882767;
4.26848950844;
4.3253720266;
4.27735780642;
4.36532460493;
4.24423752209;
4.2799217407;
4.26359991802;
4.35017580574;
4.28933215244;
4.36049347911;
4.29036408041;
4.26906817415;
4.37410951579;
4.38777638729;
4.33934172908;
4.3361520827;
4.2867156961;
4.32325808696;
4.29379641779;
4.32652335586;
4.37180086044;
4.33208257648;
4.36912093095;
4.39331659469;
4.42370995524;
4.38281159158;
4.32727482747;
4.337708254;
4.31429937112;
4.28178909604;
4.34224709294;
4.27210035534;
4.31968281444;
4.29293574632;
4.30825901315;
4.22331462279;
4.27605029536;
4.22741533139;
4.28998644288;
4.30433567708;
4.22940553365;
4.2103456416;
4.22014135399;
4.29327087924;
4.16481933233;
4.2766794485;
4.26926257901;
4.27152217073;
4.21227166583;
4.22839712772;
4.25981093406;
4.18939695725;
4.30730891577;
4.28362473803;
4.31947455963;
4.34068024403;
4.3634166612;
4.40649160949;
4.34429017527;
4.44083770199;
4.32885532208;
4.43701192446;
4.3956640919;
4.40974811688;
4.42283548866;
4.45001317741;
4.37947065875;
4.33183952354;
4.32987682151;
4.4067855009;
4.34839158481;
4.35096482437;
4.3555598102;
4.38102383261;
4.34954268641;
4.39763766039;
4.43412449664;
4.44516659453;
4.44288471587;
4.39712670352;
4.33931080512;
4.35552761373;
4.33407578193;
4.31553364005;
4.36236263552;
4.41158208976;
4.40262237104;
4.40436186507;
4.36294585941;
4.33795166584;
4.36932249138;
4.47817256836;
4.43314793916;
4.41451447618;
4.36002646725;
4.37101193943;
4.39666676509;
4.3090003023;
4.38604073885;
4.34703221687;
4.30517759178;
4.21002971848;
4.23786909344;
4.20319231888;
4.2532016392;
4.25383493417;
4.2691661563;
4.26892994128;
4.33490742366;
4.32501080302;
4.31562708513;
4.27641908144;
4.26999502915;
4.26699575213;
4.06740606613;
4.08823904743;
4.04855517793;
3.96472288445;
3.95758271679;
3.95773546628;
3.91430921776;
3.96477526217;
3.94771167508;
3.97232736693;
3.95792686607;
4.02539097595;
3.93559359126;
3.93399725507;
4.02209813931;
4.16643100004;
4.13656968645;
4.12390447992;
4.11869952955;
4.11896517595;
4.05043357425;
4.21911767151;
4.18507250926;
4.27148000169;
4.25618905281;
4.14576661928;
4.23895829566;
4.14059436173;
4.17371106844;
4.06846595784;
4.00064239069;
3.8763192443;
3.87226707775;
3.90815000755;
3.88210370313;
4.09398817234;
3.98983187552;
4.11197541205;
4.07878795522;
4.03583565221;
4.11768650166;
4.14919054348;
4.11305359866;
4.09997168072;
4.10249605555;
4.01817254206;
4.07170229724;
4.09546887313;
4.03995452282;
4.08651628247;
4.15972478277;
4.0681746048;
4.06233972718;
4.08575355455;
4.13049054928;
4.0655771256;
4.09778558302;
4.18916179896;
4.17436147366;
4.16665816336;
4.15736112341;
4.09088418414;
4.09168234407;
4.07536229262;
4.1354207012;
4.0894662985;
4.07020659832;
4.14459704608;
4.09606283877;
4.1379356938;
4.12294283398;
4.09553982137;
4.14483674234;
4.17376618003;
4.16844945007;
4.17631195487;
4.11109844182;
4.11156919124;
4.066419906;
4.02588361286;
4.01347808739;
4.02558828798;
4.12661202535;
4.0657735025;
4.00216543942;
4.10809836407;
4.13272923238;
4.06401851417;
4.02957888874;
4.03273715314;
4.01336131343;
4.07042422627;
4.10175886576;
4.11424767877;
4.12314095282;
4.25293824855;
4.2321640785;
4.16746755083;
4.28523817155;
4.29596312831;
4.22456939647;
4.33367548432;
4.1937249787;
4.13813797731;
4.00106418245;
4.14880197643;
4.29807880169;
4.14352821833;
4.135544304;
4.14799165214;
4.12077440024;
4.06271558803;
4.12656278082;
4.10539553657;
4.0704717103;
4.1212053504;
4.0982413022;
4.13262510855;
4.17397137654;
4.24173041414;
4.23109494605;
4.1794188876;
4.19351170346;
4.21238474186;
4.18258377937;
4.18390434552;
4.25896609252;
4.20952454049;
4.20253622502;
4.22802153102;
4.18249546756;
4.23075573426;
4.28634663042;
4.35860240833;
4.25547491692;
4.33589363317;
4.22153762022;
4.2357523664;
4.25292480044;
4.26068935281;
4.24744728495;
4.26103677287;
4.27302563109;
4.34196878495;
4.28569582474;
4.26388915323;
4.28611567024;
