1.83241281457;
1.84676465899;
2.06155231116;
2.31892183258;
2.42048611039;
2.3650443276;
2.54739357968;
2.49976522354;
2.61682384804;
2.544112769;
2.57197550169;
2.62405379568;
2.56852264335;
2.75342066084;
2.6969423099;
2.74238749329;
2.8027832414;
2.82624185305;
2.88203006263;
2.76739803838;
2.85533116268;
2.74837276262;
2.70412539226;
2.85048800046;
2.86232303655;
2.74646918642;
2.68424591689;
2.72056965076;
2.71416223741;
2.88512562777;
2.94773704061;
2.95540239829;
2.94453503598;
2.95623255081;
3.1007359247;
3.09384330406;
3.12515117093;
3.18989709618;
3.17698145717;
3.02070343945;
3.06470811205;
3.05492331951;
3.06434433461;
3.05687142387;
3.15106014103;
3.22486774519;
3.17030331565;
3.04698863731;
3.17781066466;
3.12921186133;
3.11926237183;
3.08620736692;
3.11144363216;
3.20357568204;
3.21879502924;
3.24070894802;
3.15952875741;
3.11216329511;
3.14395019986;
3.17279187394;
3.17146601812;
3.15178811764;
3.07188769211;
2.99301163305;
3.1308764718;
3.1261971375;
3.00147680052;
2.96223145982;
3.07827110481;
3.03144725214;
3.057523824;
3.14924880762;
3.13885349812;
3.10129677402;
3.10449419416;
3.16401119427;
3.0469675507;
3.00318914459;
3.01011110912;
2.85864310173;
2.941280391;
2.95931439605;
2.99749244487;
2.98006008136;
3.11064320157;
3.0615108846;
3.04830709965;
3.08493149035;
3.03692125469;
2.88908602915;
2.98035336165;
2.86957664252;
2.87290122977;
2.82384382298;
2.93926521385;
2.8501794362;
2.86635218809;
3.07418159787;
2.98609701625;
2.99475053247;
2.96965935469;
2.85999166609;
2.83510104839;
2.82851067712;
2.89101273617;
2.91537861861;
2.84846984668;
3.01047423051;
2.96404205027;
2.97101840449;
3.07447672427;
3.10563005745;
3.09867078034;
3.05216789162;
3.13622381092;
3.10024308199;
3.06569483406;
3.06528130365;
3.18960862886;
3.11525541927;
3.2079048303;
3.18678612195;
3.3019619793;
3.11560682987;
3.17497827748;
3.27505682242;
3.09077969003;
3.20229932816;
3.20226222802;
3.20505964466;
3.21745871355;
3.31993653294;
3.26328627218;
3.23084793373;
3.31952770393;
3.32007866324;
3.24301556744;
3.29986748089;
3.36173434437;
3.18965136936;
3.17477510268;
3.15890052411;
3.21839777059;
3.31618999774;
3.31046401718;
3.28008021163;
3.27761299667;
3.27792018863;
3.31857788505;
3.41502349849;
3.40608943922;
3.38746392014;
3.36631021416;
3.34945640673;
3.37221708267;
3.37750856651;
3.3354000508;
3.38247701537;
3.39171200198;
3.30984512816;
3.2712384372;
3.3256883436;
3.32099986219;
3.38545155921;
3.30940001463;
3.33394023626;
3.28061816038;
3.23599880554;
3.26273338405;
3.27036538523;
3.25760900213;
3.309567786;
3.41408890761;
3.43440868797;
3.27622525088;
3.28577878368;
3.30276853982;
3.21097983731;
3.33983816414;
3.15661357271;
3.22534432745;
3.24034758264;
3.22201817469;
3.24446168151;
3.23077389443;
3.2921853306;
3.27779365985;
3.25521265046;
3.21331553009;
3.26791768336;
3.32661026186;
3.38785871467;
3.2601369117;
3.14565496095;
3.11969399401;
3.10859055715;
3.18002295312;
3.20685664933;
3.16907267652;
3.17370348655;
3.16202813138;
3.28476475225;
3.24234629215;
3.19051071698;
3.15368680854;
3.33317250355;
3.20382770776;
3.18437885563;
3.22034782491;
3.14273518869;
3.26057820149;
3.64272125636;
3.64628804522;
3.47170325088;
3.47528448399;
3.75684339892;
3.77047700328;
3.70263786517;
3.81467949054;
3.71121101111;
3.70724159798;
3.67430982573;
3.74488775849;
3.69367906112;
3.85715997087;
3.79718446664;
3.74135753514;
3.79103742536;
3.75484398704;
3.83372606887;
3.83202513959;
3.72634475114;
3.6863972422;
3.69170933079;
3.70151790258;
3.68242800757;
3.74975192174;
3.74963574736;
3.7605441173;
3.82153713078;
3.90149824849;
3.95881353177;
4.07790523793;
3.98976967665;
3.94254249296;
3.8377076728;
3.93085447924;
3.94835664583;
3.91173502655;
3.90672055255;
3.91066341637;
3.89315850402;
3.80941973455;
3.83287210272;
3.82044958404;
3.5424488889;
3.68449458124;
3.62419731027;
3.72358926543;
3.66396923955;
3.70165902952;
3.77293378171;
3.69311855005;
3.72710552182;
3.72307350085;
3.66699976615;
3.66201953108;
3.70104256188;
3.69691865177;
3.66656030287;
3.78467287868;
3.95271473795;
3.92151676398;
3.94210449404;
3.91415291794;
3.90668826952;
3.84260231374;
3.80182926044;
3.80654884454;
3.84153821751;
3.80129891517;
3.72331735489;
3.86227958598;
3.8882900701;
3.88593316268;
3.91842629774;
3.99860738238;
4.01356666227;
3.92212009496;
3.91421305154;
3.92980789052;
3.94130426648;
3.84343284865;
3.87845686276;
3.77308955655;
3.83326631397;
3.8637461899;
3.84887915827;
3.87747555515;
3.8871589353;
3.99744246276;
3.9551719373;
3.93385136579;
3.86487716304;
3.92635742329;
3.81246636545;
3.86165078419;
3.90860521736;
3.83615371873;
3.83861643941;
3.85669457062;
3.8909295626;
3.8955925418;
3.84403434285;
3.91316493624;
3.8552580599;
3.97220327497;
3.97779022782;
3.88672298778;
3.95877478241;
3.95416370271;
3.88540922407;
3.88781434475;
3.97178594133;
3.94560361346;
3.92521769298;
3.91305533512;
3.88625821573;
3.82488306284;
3.86670887486;
3.8329349778;
3.78137786607;
3.80082203814;
3.70058914192;
3.88358509522;
3.84993683516;
3.97515739398;
3.90423528027;
3.99229765778;
3.96750786161;
3.87600828936;
3.98260864056;
3.98154067957;
3.96963696376;
3.90708915917;
3.84622628963;
3.91558434635;
3.96031772608;
3.89795303728;
4.04212513077;
4.00054455686;
3.97359999554;
4.04013919337;
4.17386725253;
4.10986661863;
4.14244479874;
4.14508890842;
4.32191193076;
4.12570984809;
4.10083206955;
4.06195806121;
4.09741064539;
4.12973668578;
4.06622368088;
4.02941527177;
4.02342538721;
4.12102628689;
4.14579584986;
4.0094610287;
3.84282435783;
3.92831478253;
3.94234560392;
3.90058189059;
3.97409858153;
3.9284918825;
4.06400769385;
4.15232512795;
4.27321933216;
4.34594288616;
4.3083544826;
4.18696525665;
4.1282812114;
4.07468470414;
4.11274433505;
4.15887499545;
4.11031370665;
3.91123691393;
3.97645663094;
3.86719768747;
4.03376532215;
4.07375438277;
4.15482326208;
4.22867909277;
4.15042885417;
4.20827020327;
4.22073314969;
4.18304718276;
4.18555041402;
4.18389928672;
4.21385200774;
4.2220069553;
4.17934558681;
4.26312246425;
4.1714629886;
4.17977510045;
4.14979357877;
4.17786156398;
4.19975430833;
4.17668450467;
4.17726417754;
4.20228936705;
4.14330257588;
4.25169658353;
4.20429381765;
4.22385514235;
4.20057339032;
4.25285067459;
4.25464048038;
4.22700815765;
4.34788511298;
4.29081851239;
3.95576051947;
3.97879277564;
4.00351160688;
3.96267011939;
3.97173256636;
4.0166672991;
4.05535858336;
3.95473921999;
4.00239334153;
3.98405679117;
4.10308962248;
4.06410339327;
4.16518406893;
4.0974062404;
4.19712401936;
4.13676405514;
4.15980064038;
4.11804255291;
4.11663957575;
4.0694633776;
4.18927823374;
4.2652077794;
4.22310646535;
4.22065211779;
4.22439190425;
4.18661784773;
4.22386664598;
4.22632559465;
4.17819108834;
4.1747256064;
4.15899228686;
4.11529495566;
4.26529754253;
4.2150625501;
4.28612965771;
4.23856446688;
4.19551303061;
4.1380640403;
4.11616668245;
4.06322926214;
4.07239150234;
4.01093558185;
4.0326824718;
4.13488966409;
4.13972220143;
4.2341683714;
4.25686956557;
4.22667916332;
4.18368365107;
4.19301589878;
4.16396275696;
4.08460024181;
4.1453223089;
4.2898606947;
4.24863254484;
4.23525276725;
4.16979802528;
4.16122728306;
4.20881776217;
4.24141281876;
4.11113496676;
4.23372131754;
4.11044197267;
4.09589458575;
4.10057945052;
4.06904659569;
4.01616390189;
3.96560092217;
4.02708238818;
4.06496941448;
4.04450538318;
3.97638961947;
4.09134963433;
4.09245450988;
4.12655402331;
4.13215967612;
4.08537448012;
4.193947637;
4.17647794917;
4.05089027529;
4.01715249861;
4.0648928045;
3.99137084401;
3.92110272991;
3.88003637955;
4.06742251582;
4.08332524173;
4.04046485153;
4.04911470401;
3.93570126904;
4.09646944991;
4.10500736152;
4.0774722809;
4.1034837289;
4.12960381223;
4.11836767992;
4.19019769;
4.24445059647;
4.1402320759;
4.07926115423;
4.08603442606;
4.05833758927;
4.02918305724;
4.00918333349;
4.02146117511;
3.89049640739;
4.11097625235;
4.08030937768;
4.03596115911;
3.99671468043;
3.98374122745;
3.96560246553;
4.16444526981;
4.21351072729;
4.06489183748;
3.96175453124;
4.04076940669;
4.13177716214;
4.1725694985;
4.07761260711;
4.05750110267;
3.97705836418;
4.02128350004;
4.08415549399;
4.1215426238;
4.13029796857;
4.15503784218;
4.16774451513;
4.1853519931;
4.19235323835;
4.12866516843;
4.10559034027;
4.10897123997;
4.1169848013;
4.1817252857;
4.17413895039;
4.16331697769;
4.22323765866;
4.19373363605;
4.16421963783;
4.19758750358;
4.20279726237;
4.25235494391;
4.19836617795;
4.08642452135;
4.16333889713;
4.08709576919;
4.06524919588;
4.0039976023;
4.11017204166;
4.15492524843;
4.00677132038;
4.10028001774;
4.08500243992;
4.07008942767;
4.11263364607;
4.11425317166;
4.08872667496;
4.07808590469;
4.06947760916;
3.95109755685;
4.03794839292;
4.09541645953;
4.07983475423;
4.15664224211;
4.10529794601;
4.15424583569;
4.17761135499;
4.09183467755;
4.00112632092;
3.96102060438;
4.06986115372;
4.18310724023;
4.14563901014;
4.0456560416;
4.05826822079;
4.01318367924;
4.1107277434;
4.00437170384;
4.10891522088;
4.05246281217;
4.15044651982;
4.12302697961;
4.08925777589;
4.0222912934;
4.11956749124;
4.12155599541;
4.02413157151;
4.0400372943;
4.13726633238;
4.22555826148;
4.19419747147;
4.14130984107;
4.14389418903;
4.140492798;
4.16371981498;
4.20211510154;
4.18481414474;
4.12780465312;
4.23219545291;
4.13562325538;
4.04222486801;
3.99772220216;
3.97685936517;
3.9060643726;
3.78105131192;
3.87832306019;
3.82923528065;
3.9087749493;
3.7756833546;
4.04101788289;
4.09127416357;
4.07899084573;
4.14209376065;
4.11857271564;
4.08082138103;
4.08900154288;
4.05164850785;
4.09733931674;
4.12101739158;
4.14308395088;
4.10454037449;
3.95882517647;
4.11843844636;
4.16480035062;
4.13930640518;
4.0577201189;
4.02929582059;
4.01769759504;
3.95176676383;
4.03352947791;
4.10760180514;
4.05900719208;
4.08158374179;
4.06688562851;
4.09274517432;
4.09645984374;
4.10112356007;
4.06009309636;
4.05760721681;
4.0789082219;
4.07168537129;
4.0939183457;
4.09321722395;
4.11412523678;
4.12323281215;
4.14108770592;
4.17880908845;
4.14791407969;
4.24441897159;
4.1192591276;
4.14934939918;
4.10563509418;
4.11863221061;
4.18019353266;
4.13317042047;
4.10779481738;
4.15135756378;
4.16070710913;
4.13671089998;
4.11840524064;
4.1377865528;
4.21767745283;
4.22344054866;
4.20769762587;
4.22784572217;
4.14134927027;
4.1704220716;
4.24806474061;
4.13977327324;
4.17361958261;
4.17938488523;
4.04886858125;
4.10270364834;
4.18099367635;
4.14668406739;
4.09654007079;
4.11188255407;
4.07239934318;
4.14626155619;
4.13541509127;
4.09577986496;
4.1586772705;
4.18606359382;
4.18267794688;
4.19409395792;
4.08516289525;
4.07316840964;
4.07208246219;
4.10873061007;
4.0741365798;
3.96957933634;
4.01137110773;
4.02012261677;
4.08566262649;
4.09767809332;
4.05946316011;
4.09514544398;
4.0221866067;
4.17851035666;
4.14600523986;
4.02271759089;
4.13651930171;
4.04930262573;
4.08849901243;
3.99231944066;
3.97444103656;
4.02041634554;
4.07353817539;
4.09371664893;
4.04551881041;
4.09271569681;
4.03976330936;
4.04082779179;
3.98917759225;
3.93339008828;
3.89053785048;
4.04372276957;
3.95169251321;
3.86697318217;
3.93591510066;
3.86132433274;
3.97668195296;
3.93312258619;
3.92059808615;
4.06582433932;
3.96174300792;
4.07234503149;
3.9549307843;
4.12860908257;
4.27377597074;
4.26349878331;
4.37626515509;
4.30520706083;
4.10235157127;
4.1828628863;
4.25657032889;
4.31901538398;
4.21719941846;
4.10196333072;
4.27469404215;
4.4115851775;
4.32560188954;
4.3713005084;
4.31247167256;
4.37433360381;
4.24948695621;
4.16190961312;
4.32588621025;
4.29978738943;
4.27148780324;
4.39414202006;
4.24766301549;
4.1446989813;
4.07595872431;
4.00869575347;
4.01036677937;
4.1370678051;
4.13317994061;
4.12293210636;
4.31939792996;
4.33639668799;
4.3133913796;
4.24981133305;
4.24423686863;
4.30735050515;
4.34634318423;
4.26601614115;
4.36223247841;
4.57756033248;
4.61943456323;
4.62610569966;
4.58110647683;
4.50354110676;
4.42683892699;
4.39680048431;
4.40215305253;
4.3299431362;
4.44185996043;
4.44663179373;
4.25054181679;
4.49373619944;
4.36346842883;
4.31755699614;
4.48823262671;
4.66832990089;
4.64451288042;
4.75617821271;
4.57968479012;
4.59095965368;
4.49584989836;
4.6588636131;
4.4804505964;
4.43395852681;
4.55105428027;
4.56137341277;
4.5537499566;
4.50021475598;
4.53362269336;
4.48831157471;
4.5048005715;
4.49407455053;
4.46444722658;
4.66434262984;
4.70390933757;
4.54371132232;
4.42613296921;
4.42210167534;
4.5126344747;
4.44688479309;
4.48890838298;
4.65930500478;
4.69821203875;
4.70151373289;
4.79019243315;
4.81921676021;
4.76579425779;
4.6748859025;
4.77396012605;
4.66753822453;
4.74426250938;
4.74210547075;
4.72143316987;
4.55921636151;
4.64716179012;
4.57455628778;
4.58584418261;
4.59300617909;
4.71849949911;
4.66394623418;
4.63868668015;
4.71400310382;
4.72563370497;
4.78641465244;
4.77167218568;
4.68367339251;
4.40942526001;
4.61221379162;
4.56599843477;
4.57937073179;
4.4929743002;
4.44364446374;
4.4249687255;
4.41979426088;
4.33003210783;
4.41003241407;
4.49233096076;
4.50637548271;
4.48007648741;
4.54762849479;
4.46462363847;
4.55457459706;
4.56561809313;
4.46584017846;
4.43875784245;
4.28931997667;
4.39947531978;
4.46148580957;
4.46045392151;
4.3667675966;
4.43733484192;
4.52305290043;
4.5914706665;
4.66709002107;
4.64282624698;
4.73268785661;
4.73806091078;
4.71498589941;
4.71760570096;
4.66367552107;
4.54419917194;
4.50458558477;
4.54738046004;
4.46214700612;
4.55359371562;
4.5971519993;
4.62193692167;
4.58168126064;
4.77861071268;
4.78702336126;
4.90105898614;
4.78786633684;
4.73701476274;
4.76678683242;
4.64844857902;
4.7774582143;
4.78841386727;
4.78508471227;
4.77337622198;
4.88173338379;
4.87170086739;
4.91548746977;
4.70567944042;
4.65496353033;
4.6777310566;
4.7167439715;
4.80222394011;
4.88674727521;
4.97460957298;
5.00139530559;
5.05102762924;
5.00898085413;
5.06562439421;
4.90298563478;
4.78137420435;
4.78538366225;
4.52990486513;
4.84077045063;
4.98416033538;
5.0425791606;
4.98224088733;
4.86140954723;
5.01772085552;
4.96496213338;
4.9575142813;
4.92234702732;
4.93345733022;
5.07931303746;
4.94415350294;
4.88016425797;
4.93512925136;
4.90597140676;
5.05493257143;
4.87037636749;
4.85291207958;
4.85796095238;
4.81139156596;
4.7158914797;
4.6681738881;
4.71472464592;
4.73999146586;
4.88972849027;
4.70841875672;
4.76575604855;
4.77223109688;
4.85041984936;
4.83064886031;
5.00357345336;
4.92741389144;
4.79165804119;
4.90713417103;
4.82385060662;
4.79950772182;
4.73147212578;
4.53242468792;
4.6494898782;
4.73668742226;
4.73200113771;
4.86713412134;
4.93532013362;
4.83641004206;
4.84840724248;
4.66548757699;
4.71234858681;
4.77700975464;
4.85952104451;
4.78075243765;
4.82532606128;
4.71291376622;
4.72032852812;
4.7171800963;
4.75441941733;
4.73406605722;
4.76700988037;
4.64086479834;
4.56989485207;
4.53709931813;
4.54372488693;
4.69316714189;
4.6704637507;
4.67868562037;
4.60070881518;
4.59824214166;
4.6073609758;
4.70222034944;
4.69964806128;
4.6674429114;
4.59433343513;
4.59255067282;
