1.99436675249;
2.11007362791;
2.15349616607;
2.49943174894;
2.44269577786;
2.27072199179;
2.42184764426;
2.53241718664;
2.5765557554;
2.41104543284;
2.47718284349;
2.41145492861;
2.47308552476;
2.56802924715;
2.48128045753;
2.61947422523;
2.66774204096;
2.61084727169;
2.57761878542;
2.5437333028;
2.65606073092;
2.66534473215;
2.76301282125;
2.66938660811;
2.72501239025;
2.69603927607;
2.66925137534;
2.70769920698;
2.58309872651;
2.65204548416;
2.7143090641;
2.66056416183;
2.77889299644;
2.79425330064;
2.75129918121;
2.79469323562;
2.7917952499;
2.73465326727;
2.64685399393;
2.69762563365;
2.70695591374;
2.66282571316;
2.75644424615;
2.83298537397;
2.90235885523;
2.75824301671;
2.90679929679;
2.85382064461;
2.99284973115;
2.9745973123;
3.03062755209;
2.97742826716;
2.90449822813;
3.00258051861;
3.07931542355;
2.9985981823;
3.16044377025;
3.16449518038;
3.18384844688;
3.09212318;
3.10523155108;
3.02493625573;
3.0005561752;
3.05655043886;
3.0163115487;
2.90253711624;
3.12775078268;
3.02978397691;
2.90832700441;
3.03576339263;
3.04005914851;
3.12985854778;
3.08038660897;
3.07161163857;
2.96317063293;
3.06598725154;
3.07680207497;
3.06714878437;
2.98190038337;
2.97706867436;
3.0047852781;
2.98959964321;
2.97254266168;
2.93298753403;
2.90710181339;
2.87608214195;
2.90709574235;
2.96925860598;
3.02694527779;
3.00074268264;
3.01224538034;
3.07131533763;
3.06030919546;
3.04832693384;
2.97681148099;
3.23341667245;
2.93110339197;
2.92549773442;
3.10135868573;
2.95840465365;
3.07333774606;
3.00478055112;
2.91757008983;
3.01777037753;
2.96018107336;
3.01683292186;
3.12663568546;
3.21394694367;
3.13429575004;
3.13752421575;
3.02045092022;
3.12513427594;
3.13392336485;
2.9492824052;
2.94093890366;
2.97365832828;
2.85771096109;
2.87651586077;
3.08327694068;
3.08266720554;
3.1067979819;
2.97664242999;
2.95098753225;
3.20124911638;
3.06546756929;
3.100942369;
3.28126544869;
3.25938272971;
3.13829188441;
3.09215254343;
3.08391223358;
3.07734733731;
3.06203300547;
3.15981007928;
3.08187227842;
2.9076358975;
3.08220179225;
3.1019057771;
3.04200292434;
3.06769968544;
3.09044993917;
3.05753737564;
3.121505663;
3.13861958677;
3.02701809949;
3.06052178352;
3.01470237342;
3.03277630844;
3.03853073913;
3.00549136199;
2.90350323621;
2.90075364927;
3.01093771541;
3.00563180422;
2.96245142386;
3.04485112377;
3.10546731367;
3.08480128456;
3.11558571236;
3.19209179001;
3.15194837547;
3.1160998283;
3.04072095748;
3.05114778434;
3.0391835489;
3.0720882601;
3.08119351029;
3.15692601141;
3.16926913089;
3.24287046849;
3.167070884;
3.22119819999;
3.10285495473;
3.04607913724;
3.00474489937;
3.05321298744;
3.12028943706;
3.04832808035;
3.13122807657;
3.17398459788;
3.18784913584;
3.13540010762;
3.12009628948;
3.0822688867;
3.08536272351;
3.01862326984;
3.08476908297;
3.02979958848;
3.04124985955;
3.03201712451;
2.89192278878;
2.95887878939;
2.93647132217;
3.06823782774;
3.11126382603;
3.16007640959;
3.1424137764;
3.01477721566;
3.05078970135;
3.03165228767;
3.04518886187;
3.10193011053;
3.21768989497;
3.25859090369;
3.02485288819;
3.14509278925;
3.25459823296;
3.28724548435;
3.10229793498;
3.11560297978;
3.09046051396;
3.05393928014;
3.14046465833;
3.19501513757;
3.03548471419;
3.05619157578;
3.07138435362;
3.04895444956;
3.33193777956;
3.1774622237;
3.19973045818;
3.25557974926;
3.35669051737;
3.25682502132;
3.35018580128;
3.18251125133;
3.14001426994;
3.16431097371;
3.15221168868;
3.17967692972;
3.054996038;
3.0308279556;
3.12790219052;
3.13441154666;
3.20687398389;
3.20530391511;
3.29612925525;
3.31802898387;
3.30623631359;
3.28771499383;
3.35688253102;
3.34883077453;
3.28795326469;
3.0593315379;
3.09537436238;
3.09461229134;
3.16552718093;
3.12774496274;
3.20223124535;
3.10996829256;
3.15608153357;
3.05948530766;
3.03637078311;
3.00650911872;
3.01843815507;
3.05707176578;
3.01481807191;
3.11193596097;
3.11804615484;
3.17933612107;
3.12636686337;
3.24031886762;
3.05962069433;
3.11136015314;
3.01703915766;
3.02854098274;
3.11292264304;
3.02359544806;
3.00594028737;
3.1140168166;
3.06477780971;
3.09188829514;
3.14958912687;
3.13578450182;
3.06152581854;
3.19160088037;
3.33709931269;
3.2968558877;
3.23424820804;
3.30707822879;
3.14474949771;
3.15121346439;
3.14693163129;
3.12642290195;
3.03601564276;
3.12161430222;
3.13872010839;
3.27085862162;
3.20286079952;
3.20941802723;
3.13332149471;
3.29767811408;
3.29445675653;
3.28876505934;
3.49232457439;
3.54045531294;
3.89013927328;
3.67675466581;
3.77265277878;
3.64383836907;
3.76696023934;
3.993653731;
3.83617983735;
3.93252536935;
3.69178446723;
3.74481964612;
3.68842118038;
3.71143661206;
3.75991312729;
3.90221843152;
3.97417642116;
3.87860129481;
3.6673174711;
3.88031961498;
3.78540513126;
3.81894149277;
3.92020102266;
3.78866286646;
3.84588689146;
3.91255819173;
4.00830854411;
4.05436706572;
4.15189093713;
4.03405364661;
4.01629782972;
3.87647438831;
3.94549771557;
4.00518368878;
3.88211975346;
3.84160191866;
3.79308048114;
3.87254402517;
3.85102560238;
3.95136007042;
4.00867111116;
4.13426001915;
4.06004671604;
4.03468772539;
4.11199525007;
4.06103409976;
4.12837530021;
4.10798046517;
4.19622150766;
4.19635492202;
4.11970676503;
4.1068538168;
4.13491906577;
4.19834349646;
4.1792868333;
4.14925453726;
4.17772695931;
4.28595999695;
4.14705455031;
4.04392568284;
4.23198881479;
4.25814704704;
4.12398442763;
4.14517338299;
4.1187286432;
4.11036041416;
4.12492947309;
4.175543591;
4.15190454548;
4.14397216657;
4.0074900869;
4.09813879798;
4.01274148789;
4.00383637495;
4.12228324842;
4.21939097284;
4.22307413553;
4.16766896104;
4.22988856408;
4.1267879526;
4.25315743829;
4.24025580699;
4.12982574487;
4.17776504139;
4.26287620038;
4.23477973487;
4.23346942096;
4.230269628;
4.2147758723;
4.250525279;
4.32338650656;
4.37428753725;
4.34726432582;
4.39802106596;
4.22957973426;
4.35160641982;
4.33958927018;
4.35453427348;
4.39132182611;
4.48353814028;
4.45739353043;
4.42369875854;
4.3562980602;
4.14800197502;
4.39733369912;
4.5229390114;
4.52789988547;
4.50854202138;
4.56766877473;
4.52815096792;
4.57170228606;
4.45767297232;
4.53939213087;
4.54707006115;
4.59453435329;
4.60131723465;
4.61041204206;
4.44280385524;
4.49526139615;
4.49092820936;
4.42951661575;
4.40156578853;
4.29877382219;
4.32037058102;
4.49925527511;
4.54813932096;
4.45883765153;
4.50779147639;
4.51652806318;
4.43848412048;
4.4497373357;
4.46312719971;
4.42026547238;
4.4307752062;
4.35191849096;
4.3686026386;
4.55338568388;
4.33430011981;
4.36034374295;
4.36464687906;
4.26582724928;
4.33207867982;
4.42044987899;
4.50133175607;
4.54880607287;
4.49989397344;
4.52514994886;
4.63584592531;
4.58888808533;
4.44093774843;
4.48705749847;
4.55391509663;
4.41072204494;
4.42779941093;
4.39184823872;
4.37115214322;
4.42400989205;
4.39527774064;
4.45334750929;
4.37176988496;
4.44840429149;
4.48376498052;
4.39087345098;
4.33568113646;
4.41986690015;
4.39887167474;
4.39243721176;
4.45232027057;
4.65821417131;
4.61789121935;
4.5018443819;
4.47537319284;
4.36235627773;
4.46105896036;
4.53842012469;
4.49892246098;
4.53858538058;
4.51640810686;
4.47981771072;
4.46898852384;
4.54025610502;
4.64647205204;
4.27529695701;
4.34604554938;
4.67034885951;
4.605509277;
4.63826752045;
4.67010125043;
4.71186320804;
4.62779993676;
4.58911890703;
4.64441237072;
4.42655855123;
4.45602308514;
4.38033072429;
4.34595407478;
4.44925225983;
4.47415658252;
4.38422744949;
4.46525367043;
4.57995926788;
4.59699124016;
4.33688867661;
4.52185978243;
4.5092592382;
4.45491367812;
4.48203751969;
4.35497138594;
4.44958490951;
4.43240480379;
4.51739546371;
4.47934196035;
4.45474032372;
4.48008070975;
4.45582949396;
4.45161286813;
4.47718749198;
4.49451488451;
4.37423672733;
4.19920293727;
4.3503219178;
4.16568432766;
4.48251960137;
4.6311654678;
4.48853642295;
4.54016064804;
4.67018190318;
4.66903358848;
4.43507369012;
4.48922353557;
4.47761165624;
4.38834403982;
4.50867210149;
4.44491653627;
4.53168515503;
4.63204183159;
4.67053943312;
4.50026581366;
4.52201583501;
4.51575698917;
4.55569816421;
4.50538304251;
4.49018061403;
4.38121952304;
4.26964038924;
4.38334060544;
4.18554561771;
4.20486411581;
4.28655372621;
4.05820406091;
4.20390847728;
4.04000415435;
3.90465474539;
3.88935287439;
3.89552767663;
4.13822085998;
4.08629943702;
4.10496815961;
4.00224402378;
4.04976414292;
3.97040347724;
4.11773629251;
3.9915007212;
4.10611485912;
4.1670274549;
3.98292560411;
4.09180783254;
4.02241315662;
4.1027978157;
4.03173224589;
4.07306211129;
4.07173061654;
3.92010406299;
4.097082537;
4.10930297015;
4.0983081616;
4.16981387266;
4.27112897128;
4.32523774708;
4.38216551721;
4.22791509657;
4.19775231197;
4.13490063492;
4.05217120333;
4.15308611051;
4.11809844014;
4.17105965667;
4.14336727898;
4.16400242362;
4.15883088995;
4.16680434936;
4.11281831985;
3.96206199892;
3.90551889393;
4.0609730301;
4.00952476207;
4.01138218823;
4.12144101634;
4.14467050446;
4.04612523679;
4.01943115273;
4.03532051966;
3.95424576401;
3.99905815377;
3.95750795395;
3.99838182197;
4.18262368837;
4.11632737645;
4.28325598331;
4.24909947493;
4.22416976418;
4.25232251102;
4.12350544656;
4.0996616167;
4.03257573702;
4.0435868259;
4.02134923157;
4.10645848009;
4.14047428588;
4.21905273255;
4.2763228381;
4.31654979832;
4.225595571;
4.22592069285;
4.33573236471;
4.31303020273;
4.29886070918;
4.42142095039;
4.39590922495;
4.30715210915;
4.32244938097;
4.18497966433;
4.12671433456;
4.27180806972;
4.31724158676;
4.23785871721;
4.0968882703;
4.25282976245;
4.42036424724;
4.37949467537;
4.33237119417;
4.39447354286;
4.46922378128;
4.36241077288;
4.30469567765;
4.27475290715;
4.30514344943;
4.26241644112;
4.4493149101;
4.44316678497;
4.34351877232;
4.29532514773;
4.21321279312;
4.13921147611;
4.18755318268;
4.27871015024;
4.35998760842;
4.35412807399;
4.32998073604;
4.21320459908;
4.11921880012;
4.1939369949;
4.1692054464;
4.04897142703;
3.94967869254;
4.07531517143;
3.93471521552;
3.96230738573;
3.97078996028;
4.0525301433;
4.01705278693;
4.11545658506;
4.1573748584;
4.1056559979;
4.14245694469;
4.12720174727;
4.0172760407;
4.00249461432;
3.89198221617;
3.91805224659;
4.01012726853;
4.08231831598;
3.93747151976;
4.00336734129;
4.26173274997;
4.15819487831;
4.21485593614;
4.15332652854;
4.26916970763;
4.23820891213;
4.10619518021;
4.25526743232;
4.22092494129;
4.24783848935;
4.35953380831;
4.26713923941;
4.27773419943;
4.20661637762;
4.26917589381;
4.16372150539;
4.20036913469;
4.21087525246;
4.22644640492;
4.26670005974;
4.32021225164;
4.25704255313;
4.27743008294;
4.31257988517;
4.34622755059;
4.26977522724;
4.36438022417;
4.27008369681;
4.19929528415;
4.29311340181;
4.18030641827;
4.21179745052;
4.20971470714;
4.24254327658;
4.10125064473;
4.17395358653;
4.29571354997;
4.26319729862;
4.39260082376;
4.27635659815;
4.30656064259;
4.22309523208;
4.23349025782;
4.19491357967;
4.19941523399;
4.20067183294;
4.05904804245;
4.09288633;
4.10396775613;
4.10521587779;
4.09478323558;
4.04041992874;
3.98829742832;
3.99771191288;
4.06714354394;
4.05019099848;
4.06177600844;
4.05234166739;
4.03733429533;
4.0723786714;
4.06280820665;
4.09857051099;
4.05180204328;
4.12557385831;
3.99399159614;
4.02931867262;
4.01997181996;
4.17883810532;
4.21465735663;
4.21934423689;
4.27537659733;
4.22987928981;
4.23685167979;
4.1597061719;
4.21500712348;
4.1855493577;
4.29408096278;
4.21935300609;
4.1367152236;
4.14087198624;
4.11867104424;
4.19063229975;
4.21626459239;
4.21074160168;
4.10807551395;
4.07515440489;
4.13005629669;
4.201414597;
4.13000063026;
4.10869219155;
4.19897003862;
4.10653541638;
4.23744091554;
4.1240518986;
4.18748109383;
4.14152465737;
4.13046769147;
4.19482764842;
4.17535513768;
4.21911584008;
4.08033916035;
4.09614091996;
4.01126959695;
4.18649481221;
4.26339003788;
4.2677367651;
4.36930356642;
4.41262547775;
4.31449746796;
4.330823898;
4.39327916961;
4.31680468223;
4.41296692935;
4.36241284556;
4.40154856738;
4.35787997244;
4.34443899053;
4.16764219726;
4.14414892057;
4.13636300579;
4.19561553451;
4.02633509953;
3.94784084936;
4.12546867146;
4.22221210464;
4.20232617202;
4.13163708485;
4.15379592933;
4.00597595584;
4.13326582966;
4.0481072173;
4.18236666602;
4.10460211995;
4.18513287277;
4.2561347678;
4.36372947558;
4.29164141724;
4.25604311042;
4.22502625159;
4.13070955605;
4.23189982978;
4.36614765953;
4.33879347578;
4.26278368364;
4.22772848943;
4.2241174409;
4.18529476043;
4.15696355805;
4.17367207806;
4.14724149877;
4.18347696791;
4.21349008547;
4.09805627157;
4.2678471673;
4.06259141716;
4.15506669003;
4.19023861833;
4.05335995521;
4.12730510471;
4.09971959797;
4.31533397179;
4.41422170095;
4.28341243363;
4.2575610182;
4.17950907772;
4.12905846044;
4.1933701873;
4.0224509826;
3.86037602588;
4.08950993909;
4.13710561392;
4.04336998439;
4.21624963384;
4.09590413338;
4.11987857783;
4.17785400028;
4.20972410076;
4.18308070624;
4.00942912629;
4.07285063605;
4.17527372443;
4.14883199224;
4.13502413626;
4.09768975476;
4.14749794928;
4.19716833405;
4.10080635592;
4.22267113385;
4.25557274313;
4.28364718974;
4.23071766803;
4.31161586566;
4.32759302557;
4.16627257541;
4.25528456795;
4.14369571803;
4.25147819616;
4.35557643657;
4.33753989772;
4.48635118727;
4.50425092276;
4.60788848271;
4.55572920124;
4.44562170146;
4.29674929769;
4.30980530633;
4.39837316348;
4.49146154427;
4.39189772444;
4.53931701856;
4.42282568628;
4.47625081932;
4.37264055179;
4.38091420091;
4.41863732408;
4.39144840297;
4.50214278557;
4.52565340392;
4.55720780872;
4.65698274668;
4.63690272174;
4.53737805;
4.52977021356;
4.55438002647;
4.43725296264;
4.43370071085;
4.41906225369;
4.42417137514;
4.27243198814;
4.37878035691;
4.31963524648;
4.250740739;
4.24957083735;
4.29569660296;
4.30125698894;
4.29341387781;
4.31262154008;
4.17201798051;
4.13170229101;
4.29775325132;
4.23649358427;
4.23098270319;
4.32558638742;
4.3020278083;
4.25639393304;
4.22459560743;
4.21409187271;
4.21900779633;
4.33538539713;
4.25534113983;
4.46550444236;
4.34165597346;
4.20236790168;
4.18435627585;
4.10919099148;
4.20461182683;
4.37375558857;
4.381263893;
4.37790630715;
4.44625700341;
4.46717553637;
4.5259394229;
4.41171193762;
4.38312973905;
4.42476214587;
4.5194305775;
4.53105456529;
4.51155005155;
4.46934170015;
4.47383919802;
4.51466145923;
4.45791548037;
4.50773067593;
4.53882036994;
4.65701721829;
4.63092047578;
4.62518608602;
4.5771404155;
4.52376289443;
4.42496446801;
4.44038837415;
4.40207523286;
4.40073160532;
4.506494469;
4.37496710765;
4.40764939701;
4.45770065231;
4.43323359218;
4.40399590349;
4.36647163616;
4.41610766582;
4.4173509781;
4.39047426995;
4.37216834979;
4.3935417434;
4.33940442279;
4.45123306195;
4.56239565848;
4.60059357269;
4.57620595158;
4.55637693088;
4.52849365451;
4.39860443785;
4.45766238349;
4.53132692098;
4.55980988745;
4.58918567684;
4.53750212321;
4.53191799452;
4.6382444549;
4.65981003614;
4.63759878719;
4.49917262412;
4.46644156006;
4.41102497486;
4.44112270443;
4.48613289952;
4.54255755075;
4.52702036383;
4.63831922604;
4.57427724016;
4.58235146183;
