2.05772938988;
2.38203722293;
2.24784500853;
2.35527775836;
2.47546538041;
2.53932677795;
2.52625534944;
2.53819139398;
2.52543301149;
2.62227440075;
2.84762480981;
2.75614445967;
2.76291113017;
2.68289211163;
2.55455122026;
2.69553183607;
2.76370407369;
2.87663107993;
2.73637782168;
2.7844249615;
2.8136805941;
2.88021653944;
2.81575276201;
2.75842977179;
2.80576603744;
2.78243253505;
2.83890245194;
2.81405284512;
2.95141717099;
2.98310458885;
2.92594927712;
3.04917612204;
3.10212878335;
3.12246765454;
3.35245357474;
3.32150725137;
3.3811124737;
3.49751338667;
3.44164745269;
3.45234763326;
3.36914462104;
3.43991108293;
3.41218205922;
3.36356811609;
3.32623526799;
3.37797416479;
3.35026487078;
3.37536230764;
3.35279076379;
3.3126334075;
3.32144523653;
3.31357545364;
3.37114088453;
3.35165513704;
3.35528667278;
3.53024301504;
3.47229170959;
3.42313011179;
3.408939574;
3.37075422916;
3.48464162277;
3.42532271905;
3.39475516378;
3.45643179873;
3.49066906633;
3.42978825568;
3.55334565698;
3.43920861849;
3.44713622309;
3.46121582589;
3.43589952782;
3.48439727783;
3.54805997662;
3.48576466528;
3.52844910371;
3.53023690549;
3.33178191826;
3.50579150915;
3.47918293835;
3.34622589198;
3.36963947172;
3.41283233282;
3.40713317315;
3.36786893733;
3.48177736389;
3.52209978186;
3.38892543335;
3.44053803005;
3.4425824449;
3.39746675295;
3.49943023008;
3.45370954433;
3.36488429972;
3.48632169332;
3.42490533777;
3.46686195254;
3.42309007742;
3.36302747955;
3.42138370059;
3.39176869377;
3.40332932124;
3.37670388747;
3.40927575626;
3.39271173767;
3.38049220439;
3.54057579166;
3.43248554341;
3.46993777298;
3.54597045307;
3.44931009301;
3.51142989577;
3.6389399812;
3.46524636965;
3.35748186297;
3.44949045076;
3.34450982446;
3.31508934779;
3.43498236597;
3.45496984886;
3.47182306594;
3.38366256096;
3.47773048214;
3.42495088422;
3.41420792212;
3.31521584626;
3.39209243908;
3.39776734425;
3.52785007269;
3.45166597817;
3.47107668095;
3.45417319693;
3.41596281476;
3.37915854653;
3.39954034315;
3.4543289015;
3.37955415836;
3.48166868105;
3.42521285568;
3.39729112467;
3.25837345407;
3.41462678448;
3.4455286404;
3.41152599695;
3.43502361916;
3.48264242874;
3.44074875238;
3.30255493759;
3.42690589701;
3.36865831808;
3.49581186979;
3.50085972856;
3.46590147852;
3.43845261776;
3.38104893694;
3.40140658496;
3.51036580944;
3.36352804759;
3.58880560312;
3.54371946806;
3.49025255592;
3.61170268046;
3.58840054687;
3.50076783475;
3.5329734685;
3.4850472995;
3.53377433642;
3.5396133261;
3.59245757946;
3.50756058927;
3.5936943959;
3.63916394591;
3.61548393878;
3.6768797519;
3.52648171169;
3.6095058487;
3.62182999434;
3.63934103079;
3.63111255852;
3.65756427135;
3.59500245595;
3.56083726566;
3.58125304034;
3.6990126313;
3.62158382821;
3.56582739641;
3.67070351666;
3.66658326333;
3.64190862663;
3.71393492578;
3.62540914055;
3.63113209857;
3.6518968069;
3.54965436324;
3.57131620204;
3.62927777979;
3.52843143061;
3.57901558105;
3.69919569386;
3.59015777181;
3.64687039546;
3.70044741588;
3.70933266397;
3.73088374901;
3.7199877129;
3.7496979825;
3.62844593632;
3.67014468859;
3.6649878236;
3.67495122571;
3.55154146077;
3.55329785121;
3.62020168846;
3.61737124545;
3.60203139314;
3.60450408813;
3.62160732169;
3.63956404003;
3.66076271105;
3.7122093845;
3.67989020228;
3.62957266538;
3.66903314642;
3.77155869538;
3.72485182917;
3.66819255445;
3.61355741032;
3.70670948184;
3.69013946955;
3.64979429762;
3.7587033328;
3.81043042263;
3.75580878343;
3.78004233066;
3.75274265841;
3.77146874042;
3.69851107108;
3.67763208245;
3.73412893167;
3.75606214309;
3.80951007888;
3.77171762415;
3.83412815886;
3.80200820382;
3.7511317562;
3.79486439344;
3.72896012988;
3.70704836857;
3.88720396839;
3.74976716196;
3.7149504944;
3.69015387293;
3.65804205683;
3.69272302824;
3.73703311664;
3.7187261694;
3.74280437672;
3.77010417347;
3.78290809714;
3.63970394012;
3.791760294;
3.69078385023;
3.89198210438;
3.84954433647;
3.83113953896;
3.79695984878;
3.79465271057;
3.80955537322;
3.91322863614;
3.78236703147;
3.70824702586;
3.57213631079;
3.5846846613;
3.61372025492;
3.72149640518;
3.64742932336;
3.69200101283;
3.70029132811;
3.71558862227;
3.64132082779;
3.67000204385;
3.65265886433;
3.67544658276;
3.70689088867;
3.67111480486;
3.68597446065;
3.7523191453;
3.73948712879;
3.82554470956;
3.87381932729;
3.94167781857;
3.86903673191;
3.80898129234;
3.80749453483;
3.77106931925;
3.6700477599;
3.64088259096;
3.56775571003;
3.52559719408;
3.5112755574;
3.55308278659;
3.6407066154;
3.66991548916;
3.73193663498;
3.70458027399;
3.69452898505;
3.62766220649;
3.62978005322;
3.58582018554;
3.67402153089;
3.6839994713;
3.75296392734;
3.7159893306;
3.67805789335;
3.70397455713;
3.65127586186;
3.66867672712;
3.68229280086;
3.65381516887;
3.69948346159;
3.70259210902;
3.78536316747;
3.76033389411;
3.78255783261;
3.73012112552;
3.81740677704;
3.68901858884;
3.7814145397;
3.73813692735;
3.724146778;
3.69097867177;
3.72294590405;
3.76628128027;
3.70921841768;
3.62654911196;
3.77584174554;
3.74713462396;
3.75281376758;
3.76926499079;
3.79961714045;
3.71794831352;
3.74569645551;
3.71625789677;
3.64921065733;
3.63281932922;
3.63543589073;
3.72424589883;
3.68787620313;
3.73676812315;
3.6929603915;
3.80638360298;
3.81187919178;
3.85016399451;
3.86770763098;
3.86300962017;
3.85505632651;
3.90504594446;
3.89333081634;
3.87814973552;
3.87389575009;
3.79570358241;
3.7889988335;
3.83478252942;
3.83863747425;
3.81342020328;
3.83426113447;
3.83501954529;
3.78899573009;
3.75968848534;
3.78789253163;
3.8315294055;
3.80192719951;
3.81117501133;
3.78517639026;
3.802391193;
3.76676883889;
3.79633389511;
3.81798795585;
3.75959624514;
3.73132277045;
3.78091185158;
3.66971853378;
3.79438029562;
3.80029717932;
3.83275174507;
3.81571544793;
3.77375638943;
3.74770082861;
3.73368200128;
3.77006756947;
3.76405791217;
3.85217857784;
3.7996011886;
3.79536336537;
3.80884940128;
3.80965034742;
3.79599114573;
3.82486874162;
3.81805751246;
3.79806827724;
3.80363341331;
3.73367777051;
3.74139856721;
3.75857737413;
3.77721315463;
3.82451107636;
3.86506948599;
3.8495691422;
3.89428279811;
3.89838668518;
3.88654259456;
3.9150729789;
3.93830438185;
3.90824513028;
3.85854854009;
3.87750510111;
3.86590692812;
3.93512826882;
3.82451780157;
3.8755489515;
3.89104954014;
3.763741588;
3.8131508959;
3.89229404287;
3.87235783997;
3.93686441935;
3.87042639776;
3.9306118462;
3.95336813391;
3.92466232662;
3.95192002306;
3.9203638333;
3.93309830573;
3.82355800075;
3.86673078243;
3.88187010482;
3.87190942565;
3.86717858011;
3.91368292663;
3.90990196504;
3.99721332809;
3.95122461615;
3.96523042028;
3.98332971474;
3.99805472413;
3.93596174241;
3.94308163613;
3.887764703;
3.92079975324;
3.90789755454;
3.88888278158;
3.8829158284;
3.82901747808;
3.86992862628;
3.91987333002;
3.90463893628;
3.96497296436;
3.88912886076;
3.86135525241;
3.88702259948;
3.91508417124;
3.93788131395;
3.94434980032;
3.98123636153;
3.97553314792;
4.02287500691;
4.01732899652;
4.03028514247;
3.96060076792;
3.9893157785;
3.89681074767;
3.92316195712;
3.99078271845;
3.95187222691;
3.94118448843;
3.90182245769;
3.93482050019;
3.84381572668;
3.90573355339;
3.91825076766;
3.89407495461;
3.92088815286;
3.87399499438;
3.88756442675;
3.84844945677;
3.8631405104;
3.81688593653;
3.83451692977;
3.75749771696;
3.81892470215;
3.77864850429;
3.78270321727;
3.7803237327;
3.84418337606;
3.8253316436;
3.82861309129;
3.81513088645;
3.78273362169;
3.8349214996;
3.89938532649;
3.90460517152;
3.77051336673;
3.89013934965;
3.88534616798;
3.88184051726;
3.82842437502;
3.81250586388;
3.87529487128;
3.84280498743;
3.84256361887;
3.88847210046;
3.92585982165;
3.93334366106;
3.91969663441;
3.95838612848;
3.93948411333;
3.92412295859;
3.96499832952;
3.93749873221;
3.88900821108;
3.96889832117;
3.904658125;
3.90440349619;
3.97546168341;
4.01089404894;
4.05230107425;
4.15351079993;
4.09071354532;
4.05012928559;
4.09963112306;
4.10251983626;
4.10814458022;
4.04456722987;
4.09164820986;
4.03428317727;
4.09433348885;
4.08733300084;
4.07331592247;
4.03427623709;
4.05256737497;
3.96086875619;
3.97577133814;
3.94941705215;
3.93717140869;
3.97212327532;
4.03470270079;
4.0013635392;
4.06939579339;
4.02746286552;
4.09771630494;
3.94223320507;
4.00366546008;
3.93919419926;
3.98954597542;
3.99080413306;
3.97902461444;
4.12798466247;
4.14203684041;
4.09179997297;
4.07099846876;
3.9966936241;
4.02989066556;
4.0064596037;
3.96146737209;
4.02268243891;
3.99483835219;
3.9965096719;
4.0418139554;
4.00022747127;
3.90812779999;
3.95366435287;
3.99696751991;
3.96041075505;
4.03173223962;
3.93177730347;
4.08811019831;
4.00422104808;
4.01114800815;
4.07765319857;
4.08588441538;
4.00842537792;
4.04721758769;
4.01327719597;
4.04924448239;
3.99462070777;
4.11022379425;
4.04071264721;
3.9815875417;
3.97566318648;
4.0375433947;
3.96496135531;
3.98477244994;
4.04270216043;
3.9494550996;
3.9433146966;
3.98037846447;
3.9372774692;
3.96145309999;
3.87217818291;
3.87372796646;
3.91590764937;
3.98123726383;
3.87548898291;
3.90260391257;
4.03125546677;
3.91841986309;
3.95382845009;
3.96328011159;
3.87405671499;
3.86064142519;
3.98750736231;
3.96336378267;
3.92234553808;
3.87847503431;
3.92809244564;
3.86146238219;
3.86179577032;
3.71064634511;
3.76697854158;
3.76854937154;
3.8261845116;
3.90466940012;
3.91976515758;
3.90958290996;
3.86322092989;
3.92722201107;
3.77184839539;
3.80698822646;
3.78528401211;
3.81252597001;
3.82653026781;
3.7355074701;
3.75159413775;
3.7574042055;
3.83980859813;
3.87142801209;
3.80010891709;
3.96354669845;
3.94406148772;
3.95996146052;
3.86363514402;
3.67794543466;
3.94687952852;
3.80806403639;
3.83161530297;
3.86991862119;
3.93699238914;
3.8040679434;
3.90847124715;
3.99475418279;
3.96766073107;
3.86137751838;
4.01967408137;
3.96058610335;
3.81960530487;
3.80630954917;
3.89043778984;
3.89696777909;
3.90276896723;
3.83130837552;
3.82609052876;
3.86210205763;
3.82806657663;
4.010082136;
3.993978641;
3.97721387453;
4.08892927016;
4.09234658957;
4.06935957892;
4.03728094747;
4.06469894672;
4.15580032737;
4.01455102772;
3.98559938668;
3.96938537084;
3.95809900346;
3.97748502344;
3.93598823922;
3.93631472692;
3.87532351621;
3.95030718554;
3.9833870557;
4.05656435318;
4.00667098731;
4.03471034975;
4.01405070595;
4.02940466704;
4.01305711986;
4.03445137592;
3.93525190756;
4.05150157101;
3.93346297162;
3.92597551866;
4.05023969141;
4.07390497798;
3.98109424123;
4.03264726654;
3.9428152303;
3.97864085824;
4.02443339017;
4.14728836256;
4.17287484842;
4.11162966586;
4.09969707054;
3.93819223256;
3.99849474665;
3.9645594038;
3.88437662368;
3.7868276556;
3.83750575605;
3.8560942813;
3.94653913421;
3.95547748797;
3.8893446343;
3.78727825315;
3.90104954311;
3.89604499868;
3.88282869908;
3.88220156707;
3.90827712698;
3.98338284387;
3.9592583819;
3.90898886817;
3.8651321437;
3.82749237665;
3.80902666496;
3.8974568596;
3.85426859788;
3.89727097027;
3.92303540528;
3.98244126711;
3.96651778282;
4.0018656419;
3.89729064161;
3.95121527951;
4.11826789193;
4.00540653464;
4.07795247751;
4.00130798761;
3.95612020846;
4.0286769554;
3.87454912515;
3.99971041702;
3.96427027802;
3.93567525318;
3.88641982228;
3.98025608666;
3.93416197931;
3.83488588302;
3.89179372835;
3.94432513093;
3.98775008678;
3.93761775338;
3.88842818079;
3.86758791577;
3.82972586675;
3.85896820623;
3.86819246562;
3.75134357589;
3.93970798204;
3.97491487412;
3.92421591953;
4.00416873609;
3.96855112106;
4.00417161377;
3.95098651798;
3.94849764689;
3.94104199933;
3.93741710932;
3.95315092245;
3.97019534637;
4.0066256732;
3.9838806695;
4.02980018484;
3.95944282665;
3.98800336393;
3.94035396488;
3.88745664828;
3.89845514859;
3.97260042884;
3.93666306831;
3.99187898459;
3.97148744915;
3.92030575833;
3.99520268484;
4.06167443872;
3.98720265127;
4.03136091986;
3.92577687644;
3.95204068102;
3.94354670811;
3.92821757449;
3.99859118717;
3.98964517556;
3.9238099608;
3.93017707869;
4.04815617858;
3.86495967807;
3.94014474444;
3.94820529782;
3.908812299;
3.91563302002;
3.98265564035;
3.98063584574;
3.84102702595;
3.91459530972;
3.97156190134;
3.89670857862;
3.92127959499;
3.91138119147;
3.87241579599;
3.83165827923;
3.965823092;
3.87190212486;
3.85802369842;
3.88258306622;
3.99718396652;
4.02323444826;
3.99018097879;
4.00184626824;
3.9138816508;
3.96212279878;
3.99762870618;
3.9896087556;
3.97975268401;
4.01618699655;
3.97189242289;
4.06371023867;
4.02204236879;
3.97541197458;
3.88632901785;
3.91331368399;
3.95457093295;
3.97728349996;
3.91739810415;
3.99762987768;
3.93000028861;
3.86542917336;
3.95228617866;
3.9425123962;
3.80877931559;
3.79108875773;
3.8773770556;
3.87437286901;
3.94052070886;
3.93436228896;
3.98179132045;
3.95436366157;
3.93657854902;
3.99402614157;
3.87450512366;
3.92998190122;
3.88753495738;
3.91198832366;
3.9297718163;
3.94669446549;
4.02309825648;
3.9934006098;
3.944314533;
3.9127809663;
3.88373012159;
3.89302378896;
3.90665602559;
3.86280142843;
3.81878185055;
3.78203734427;
3.81426131854;
3.81243578058;
3.88974384566;
3.83212003951;
3.82278404902;
3.81505832866;
3.84552060994;
3.82508983464;
3.81539182594;
3.8505670438;
3.89372151789;
3.84368759125;
3.89740618335;
3.89796645934;
3.86893118663;
3.85394270181;
3.91731604062;
3.92306975394;
3.85974134402;
3.83577272828;
3.91685952925;
3.90006257327;
3.88925257657;
3.91253513705;
3.90459370065;
3.91328954876;
3.87763899522;
3.92187133238;
3.92638691456;
3.87622019043;
3.8904722803;
3.89003980319;
3.92258710648;
3.87885946076;
3.86216893714;
3.86232084151;
3.8355853525;
3.87011827148;
3.86743655613;
3.82669631871;
3.80619320971;
3.77472981409;
3.74894026304;
3.81048536586;
3.80314255233;
3.85224478499;
3.76959606466;
3.82309673952;
3.81923838048;
3.75357915719;
3.79861823984;
3.78050657662;
3.78888760477;
3.86824311398;
3.88701891603;
3.82870862651;
3.8683971226;
3.93368389369;
3.91656461727;
3.96446510817;
3.91669421566;
3.98478957064;
3.96917772571;
3.94606845528;
3.9080657173;
3.9332012952;
3.89206397779;
3.90732219278;
3.88289366298;
3.90687236958;
3.9401875659;
3.89059824537;
3.9170073139;
3.91706204124;
3.9360601432;
3.94296926412;
3.96955363799;
4.07191777707;
4.00133054991;
3.99121770078;
4.05239470064;
3.99917837013;
4.025017148;
4.00740777517;
4.00790352843;
4.03120220038;
3.98261216359;
3.97039110692;
4.04748181014;
4.05442911291;
4.0183860561;
4.04669812886;
4.06107109543;
3.97540415761;
4.04277352216;
4.04519864527;
4.05928261682;
4.02129791452;
4.04311556918;
4.07101248404;
4.04192212078;
3.99985499339;
3.99693092268;
4.07013746966;
4.06904854108;
4.02956522323;
4.07780820539;
4.07395953554;
4.12876175099;
4.11376656654;
4.09226277038;
4.03996768964;
4.03868484907;
4.07278034015;
4.04104450592;
3.98579400345;
3.96583079782;
3.94548772709;
3.8808626849;
3.95021408462;
3.9633788066;
3.99681761148;
3.95839268383;
3.97856868563;
3.99412073979;
4.01370459564;
4.01931442043;
3.78759670558;
3.85094965308;
3.86923390271;
3.90661969245;
3.82713640131;
3.82925637614;
3.88045311889;
3.88518479905;
