1.82073008833;
2.22284226355;
2.24033790738;
2.27964829087;
2.29916819086;
2.34736167039;
2.39907174309;
2.37558268959;
2.32323544559;
2.38120255256;
2.30058051269;
2.39324027882;
2.52779711118;
2.60399622234;
2.71278630525;
2.7605828668;
2.78483832466;
2.70059943492;
2.63551019496;
2.66723127858;
2.58083077596;
2.60110555487;
2.63948813399;
2.70499254594;
2.9014628051;
2.83527114309;
3.01229659233;
2.97475439669;
2.96931588524;
2.96990003219;
3.10492534922;
2.98602918915;
2.96795540055;
2.9071577477;
2.84314345076;
2.8901637742;
2.94393605009;
2.96906161274;
3.02767400845;
2.91474645456;
2.94622435283;
2.84721663493;
2.95203057487;
2.91022883586;
2.85817350004;
2.91172933043;
2.85705843565;
3.00753359241;
2.99515227091;
3.05763428606;
3.09108835795;
3.12504160459;
3.13519918377;
3.11791541223;
3.14213615088;
3.14855359164;
3.14204001998;
3.11344467186;
3.10786129393;
3.03270607552;
3.08901541721;
3.12743340861;
3.06860748631;
3.09337360273;
3.00009040206;
2.99881719868;
3.12243631137;
3.18064059649;
3.12835354561;
3.190424901;
3.15796772466;
3.16285467992;
3.16050327646;
3.11052569379;
2.98169189066;
2.96918894739;
3.00076814587;
3.05727465016;
3.19604912583;
3.17531956438;
3.15657824054;
3.10797372758;
3.29380106539;
3.08494386737;
3.25119797541;
3.21543602601;
3.20906553198;
3.18035416235;
3.34856864402;
3.2088890204;
3.19861775537;
3.25350844248;
3.21930460558;
3.32034934055;
3.27940180089;
3.24182526322;
3.39925728648;
3.27095001865;
3.22278348197;
3.34274268206;
3.40722394624;
3.38595745543;
3.352699718;
3.37777687331;
3.58931181081;
3.42043511044;
3.41361129445;
3.50191634563;
3.5679637958;
3.54740149368;
3.56283966802;
3.3970109506;
3.35553107935;
3.44035533148;
3.45807526561;
3.4698951734;
3.3793854314;
3.21560492963;
3.24451431464;
3.25195106466;
3.25555543517;
3.27469612356;
3.25880548541;
3.33303172338;
3.38348833086;
3.46768472282;
3.30337427224;
3.32364033283;
3.33418447194;
3.34087284673;
3.18630503603;
3.24666193103;
3.2975475469;
3.16338770065;
3.31427428181;
3.37516948361;
3.52549035252;
3.45566339239;
3.48136502908;
3.44895044374;
3.47138042761;
3.57623053398;
3.49401660116;
3.59886057756;
3.68336157299;
3.63875593682;
3.65362924432;
3.72609733203;
3.67666816494;
3.65925685682;
3.74046141784;
3.63277964924;
3.65642795936;
3.65726120652;
3.72735298872;
3.71335553079;
3.72701451157;
3.74449985343;
3.85140988682;
3.90281154161;
3.77134655885;
3.80500218339;
3.85505758608;
3.86420213719;
3.78923502279;
3.86520028502;
3.89062950559;
3.87898180618;
3.97765422651;
3.91778621966;
3.90119202374;
3.94214138034;
3.86017218046;
3.8869106008;
3.93947665752;
3.91664220377;
3.90830241503;
3.94699474741;
3.93746653813;
3.89691517083;
3.80772387758;
3.85619211748;
3.81103326023;
3.85852688971;
3.78819131566;
3.72161717083;
3.80965230828;
3.77403285198;
3.74598546667;
3.73184002466;
3.77828315639;
3.73691063365;
3.75124241946;
3.84386468498;
3.92658863786;
3.90630019159;
3.89911075292;
3.85779088822;
3.92045896364;
3.93139188167;
3.92220131484;
3.90322170412;
3.93901259047;
3.96709591282;
3.91453141045;
3.94964188743;
3.83128270699;
3.81059943613;
3.90382280513;
3.8225795269;
3.8479821084;
3.7106307127;
3.80750074487;
3.77643908272;
3.79819749042;
3.72323335961;
3.68423175534;
3.72602750444;
3.73843493139;
3.68159305128;
3.76959208612;
3.79246233797;
3.6161400334;
3.60005118054;
3.65294240431;
3.63830472379;
3.58743978666;
3.64612355647;
3.69291062802;
3.65155118598;
3.49562441264;
3.56065835675;
3.6233418143;
3.69578117255;
3.79705221391;
3.77297807446;
3.76988259274;
3.79565487953;
3.85733733981;
3.79273212143;
3.70579772481;
3.8224525922;
3.78845691261;
3.8438830462;
3.79202741235;
3.80097436128;
3.82438565907;
3.87290759208;
3.82471002886;
3.82318354397;
3.88328587949;
3.86385340846;
3.83812645974;
3.84435525146;
3.83356633408;
3.80371038365;
3.93122125298;
3.84641431893;
4.00505657422;
3.9887770407;
3.96144894701;
3.937943679;
4.03518883182;
3.99178814144;
3.93157987168;
3.95995090051;
3.96149700276;
3.94384435944;
3.99992950177;
3.94106725799;
3.9596384157;
4.05761579194;
4.06665456991;
4.0272890738;
3.93744979589;
3.91370088265;
3.94310811366;
4.01676753834;
3.92127744373;
3.88872256015;
3.90966964126;
3.87948902134;
3.92314391963;
3.88025385161;
3.94866070142;
3.92767657904;
3.80809707348;
3.74339757148;
3.79671915945;
3.81673701877;
3.77649657953;
3.78226242885;
3.72840848194;
3.80114918136;
3.79361716234;
3.80339261205;
3.78113443898;
3.75415385288;
3.87434202652;
3.8036803185;
3.66474195158;
3.6855703616;
3.6305206777;
3.59170721763;
3.60641259726;
3.66086409496;
3.73028454753;
3.77955760837;
3.72100965638;
3.61562193417;
3.61744179424;
3.56396596497;
3.71054843881;
3.73931190018;
3.72746367094;
3.78580524591;
3.7122066384;
3.59231892803;
3.6984229779;
3.70094123991;
3.71204828553;
3.68847781621;
3.6595725499;
3.59124466443;
3.64289969558;
3.61777630152;
3.53626979394;
3.55682284772;
3.50882005632;
3.59410358587;
3.60674758122;
3.58225083129;
3.51672703339;
3.53148346735;
3.58813246839;
3.67063107013;
3.63018732965;
3.61536486708;
3.70241360487;
3.71764930303;
3.77817005677;
3.83902790719;
3.81596899837;
3.91135103023;
3.84983340653;
3.82405352942;
3.80620917096;
3.6681007595;
3.7140915564;
3.73991932417;
3.72180047493;
3.75002271112;
3.73449256502;
3.80704926117;
3.73064579123;
3.73138695853;
3.74515478869;
3.67316162024;
3.79747714944;
3.75161542194;
3.73187420919;
3.68152797564;
3.70424909745;
3.70833679513;
3.69710982169;
3.79074055522;
3.65005504178;
3.65050853731;
3.70033078087;
3.77387781117;
3.67107575537;
3.66157758724;
3.71692183591;
3.72249788305;
3.77442210357;
3.79087043016;
3.77898039179;
3.79066268241;
3.77715907851;
3.78751127334;
3.72230783289;
3.68719565154;
3.78310377205;
3.71903845893;
3.76700403005;
3.76293573575;
3.74825830146;
3.84002742933;
3.81875898494;
3.90639028208;
3.98960924055;
3.90147243092;
3.912825995;
3.92325464287;
4.16438634157;
4.06224267472;
4.1607230481;
4.14622751537;
4.04704834968;
4.05995762289;
4.03130930616;
4.07689333105;
4.0269881711;
4.06317514369;
4.03945187518;
3.98165882978;
4.01387181314;
4.09882695115;
3.95458171801;
4.03384233742;
3.98035482305;
3.94000449257;
3.94847100132;
3.87844145417;
4.05186618674;
3.96564225596;
4.05757400354;
4.00086118837;
4.06560536631;
4.1034362338;
4.01614496633;
4.02399124313;
4.0647251711;
3.94931086175;
3.95493817484;
4.00300287764;
4.05628697229;
3.9942086508;
3.93173542171;
3.96658837068;
3.97197754649;
3.93587553845;
3.92481457513;
3.96443532756;
3.97696924903;
3.9727040576;
3.97017873564;
3.90509565889;
3.9184931964;
4.04586284569;
4.04163766301;
3.97709831219;
4.00269327174;
3.86667781233;
3.80025614398;
3.87544078324;
3.96164810835;
4.0050660267;
3.95979388486;
3.96821987637;
3.97087795465;
3.98254337574;
4.01889262751;
4.16649299743;
4.07608914022;
4.09187146682;
4.0601909738;
3.9875784722;
3.98114044915;
3.97219782362;
4.10132661312;
4.01765808391;
3.86047194734;
3.93723042607;
3.97170283887;
3.86172033397;
3.95769638905;
3.92047830411;
3.91697866261;
3.98964356753;
3.91668819558;
3.9609061373;
3.92340155093;
3.93550159224;
3.94220444316;
3.88681153249;
3.86394366255;
3.94291186334;
3.94187947331;
3.89105334732;
3.88678921466;
3.82072152178;
3.8316826238;
4.00357190529;
3.9757647668;
3.96897418299;
3.90826934731;
3.78204010884;
3.86592485391;
3.8798266265;
3.88315820264;
3.96220262971;
3.87974940336;
4.03774014277;
4.02695919194;
3.98400499386;
4.09074102836;
3.92321485013;
3.92056769591;
3.92733585379;
3.91056584849;
3.98786502093;
3.9677907889;
3.98627803425;
3.94811398352;
3.90498442536;
4.02447227315;
4.00804611691;
3.92475107758;
3.88392798001;
3.88505193081;
3.85546340945;
3.87672226903;
3.90408684565;
3.99175092298;
3.87028960654;
3.83680638384;
3.82793573585;
3.7913782395;
3.75245609576;
3.82261672501;
3.78119639221;
3.8091671277;
3.95785019672;
3.89861611193;
3.87159244975;
3.8705347783;
3.84923721187;
3.93370944092;
3.90792052107;
3.88623816785;
3.90194111989;
4.01902520546;
3.93672219116;
3.78777281765;
3.84686141941;
3.821010384;
3.77839309858;
3.72338445913;
3.74039303355;
3.70088697482;
3.80338944128;
3.83377878841;
3.79273045756;
3.81424086462;
3.80750864149;
3.8571068875;
3.79856335157;
3.86214892406;
3.74746849125;
3.90807434421;
3.91937181579;
3.95225154476;
3.93199581829;
4.01344006105;
3.88228213449;
3.99798570757;
4.05607983909;
3.98221359335;
3.86623685955;
3.83173698911;
3.94442470032;
3.94521786915;
3.99106733224;
3.98271483661;
3.97646297936;
4.05978308423;
3.91032943954;
3.87061415589;
3.89023549698;
3.87981928048;
3.90472495441;
3.97289367189;
3.93826102265;
3.8938458837;
4.05501071437;
3.92592283201;
3.97383817332;
3.89699275602;
3.9214006839;
3.91911753636;
3.99728185176;
3.99199645744;
3.88240988729;
3.97377143152;
3.89344501347;
3.9437331911;
3.8898213794;
3.89543687398;
3.8904768972;
3.99520718788;
4.00358215319;
3.92817962358;
4.07086463928;
4.06375040473;
4.09301573516;
4.05071640155;
4.06095332921;
4.05415485608;
4.08034858524;
3.98572279366;
3.88977016261;
3.83718949768;
3.90224614446;
3.96483077226;
4.10478414183;
4.06417620926;
4.07556757071;
4.14308051842;
4.26321413582;
4.19692180955;
4.0545861215;
4.0624124902;
4.13552631332;
4.14887962963;
4.10978213857;
4.03857311434;
4.06317171989;
4.03445201703;
4.14435203885;
4.02776993393;
4.09523850437;
4.10233275145;
3.98505707274;
3.914322174;
3.97330551774;
3.99802235042;
3.90185782377;
4.12612401106;
4.06123844503;
3.99878271561;
4.0256071363;
4.03095072728;
3.99273202129;
3.99972682424;
4.05171121708;
4.17967067569;
4.16332402495;
4.12169874441;
4.02210816042;
4.07210239333;
4.1569362277;
4.04722482454;
4.06693383271;
4.12941346632;
4.10702008367;
4.05621969644;
4.1489260376;
4.17172308983;
4.17219891504;
3.97968386069;
4.0823470209;
4.08328212593;
4.09028742309;
4.21056932886;
4.15765772234;
4.02028257448;
4.08996208873;
4.09836377116;
4.20360754914;
4.18036077635;
4.08771897071;
4.11600948546;
4.14114309977;
4.12340946549;
4.11911916418;
3.9846925207;
3.88384812161;
3.98454536709;
3.99545778538;
3.99465156125;
4.01346391137;
4.09730998152;
4.17791515463;
4.21545939407;
4.20355711052;
4.19009765769;
4.2255741341;
4.1982242229;
4.1643525315;
4.09599758614;
4.08725566434;
4.09575323451;
4.17118583702;
4.13259716321;
4.129156097;
4.10458675968;
4.1838414267;
4.23037024894;
4.17698734896;
4.13628697143;
4.11901464263;
4.12160360691;
4.15141753214;
4.05918573187;
4.07103340169;
4.17202688228;
4.24024893739;
4.13604357052;
4.02555941125;
4.1291015154;
4.14023977965;
4.21818373713;
4.24507844612;
4.1076031632;
4.26973085106;
4.31109964907;
4.36254115497;
4.26787657668;
4.31511526592;
4.23268035424;
4.1990823292;
4.24569994953;
4.33681759792;
4.40136074583;
4.30829967605;
4.30035185069;
4.37460193639;
4.3753721539;
4.46725459447;
4.44655825485;
4.38867339535;
4.30319114561;
4.31284037667;
4.28708022746;
4.32333612744;
4.42210393622;
4.37515357204;
4.41668265626;
4.31447917345;
4.39339235878;
4.44561989116;
4.35005882877;
4.38367494515;
4.35714876938;
4.39176306441;
4.43094749448;
4.30191371032;
4.36006714558;
4.33226668557;
4.2625350634;
4.26925646005;
4.32568180933;
4.37795616076;
4.37466989378;
4.40623887663;
4.28033154952;
4.27951175711;
4.45087294015;
4.52779726468;
4.48596164558;
4.68184395582;
4.60813866208;
4.72553824322;
4.73934015368;
4.6480564667;
4.70541275393;
4.56083488178;
4.59938606233;
4.52682536073;
4.6113013921;
4.62516675386;
4.59462233133;
4.55685510739;
4.57895965177;
4.59908170162;
4.53680067295;
4.66234623779;
4.61422420146;
4.66454769894;
4.6861457759;
4.7559179196;
4.61763065713;
4.71024620592;
4.67354358316;
4.74844210213;
4.52019744189;
4.60534667081;
4.62578723146;
4.60420467597;
4.50299908652;
4.51416591306;
4.56750358267;
4.57647108195;
4.5898528224;
4.51096377993;
4.48799211246;
4.47386287387;
4.53026479939;
4.3264375508;
4.41858300467;
4.41227146254;
4.41723283637;
4.45499817401;
4.41085427848;
4.38522250385;
4.5050329066;
4.42948931183;
4.44403925788;
4.37814251517;
4.44561038464;
4.44259943795;
4.44198131349;
4.50237514896;
4.50001344347;
4.64483089699;
4.60234759331;
4.66873057157;
4.36669995208;
4.39322335638;
4.39678118994;
4.38352183842;
4.50398572;
4.51731591267;
4.55606460459;
4.66909252967;
4.55911248845;
4.59300936024;
4.55011413716;
4.55992477154;
4.54116040523;
4.57423030537;
4.54546069392;
4.52837534603;
4.57243959615;
4.56878040584;
4.48398225247;
4.63203304511;
4.65801693001;
4.63350865182;
4.69667407543;
4.64728937658;
4.52204823558;
4.63663813518;
4.6081776382;
4.60870673815;
4.61168511393;
4.65140479327;
4.74343778423;
4.67779227798;
4.76984981297;
4.73341045288;
4.56867369018;
4.54715976632;
4.63593050933;
4.59454112262;
4.60720953595;
4.54018666553;
4.63560813694;
4.62008075113;
4.55651638411;
4.66245753209;
4.62650318333;
4.49777205774;
4.53061199576;
4.5839245778;
4.56504258654;
4.49332670895;
4.46876772715;
4.63319697345;
4.55263511995;
4.59641251564;
4.62285040767;
4.61523850864;
4.59301141822;
4.57901669071;
4.6101799094;
4.54977937116;
4.55271250311;
4.4562105842;
4.38152011751;
4.38605346012;
4.32409186063;
4.39291357388;
4.41293332457;
4.41125551954;
4.38055744698;
4.38910780926;
4.25415328053;
4.3230859173;
4.34883080083;
4.375094452;
4.29855886182;
4.39342431309;
4.35084677633;
4.348412771;
4.46260953671;
4.58879201106;
4.47739546839;
4.56945028577;
4.49968228054;
4.4968699485;
4.44190078862;
4.33881238245;
4.43493689925;
4.36895634438;
4.42463963106;
4.52199106154;
4.49685537602;
4.48846855168;
4.52665574233;
4.55429829771;
4.46789643687;
4.45323660261;
4.40638272321;
4.48512785802;
4.5177009169;
4.57789486472;
4.58916125115;
4.51035298121;
4.41058128737;
4.6662815315;
4.58216462111;
4.5447663194;
4.49456069095;
4.43270323769;
4.4732311827;
4.52457821041;
4.37352267289;
4.34343337208;
4.33480024444;
4.360971497;
4.44720146306;
4.41517362014;
4.41029259666;
4.42223929063;
4.48080163281;
4.27133838265;
4.25150622623;
4.28115500339;
4.28804785284;
4.37795674807;
4.38816130347;
4.37573877992;
4.30635356017;
4.40366865513;
4.41764666277;
4.39088560234;
4.42018955365;
4.32153906541;
4.48123063739;
4.44901706714;
4.3194612742;
4.36731418394;
4.3125417617;
4.33234450537;
4.3652136506;
4.35416193633;
4.39744422243;
4.39794171438;
4.38730420338;
4.55013094363;
4.60330751806;
4.55188002425;
4.52128618878;
4.48864042797;
4.40219338255;
4.47467995772;
4.47338333799;
4.38428111099;
4.48118445799;
4.38436585397;
4.43094148703;
4.42370764498;
4.398038285;
4.31914936367;
4.37704536494;
4.35774850603;
4.40705107255;
4.35204136397;
4.31681893609;
4.51313998572;
4.44259732765;
4.38502437797;
4.52728770686;
4.54367662342;
4.43405120987;
4.42223143984;
4.49547426861;
4.48134907464;
4.59764747346;
4.45581144895;
4.42091703324;
4.55898727136;
4.60541024746;
4.6619211168;
4.51052105422;
4.49979335097;
4.60314473957;
4.48567215528;
4.34950518798;
4.43493034683;
4.5831557059;
4.56421737192;
4.41276307074;
4.46063790942;
4.46203166692;
4.42058999904;
4.34944910628;
4.27111101967;
