1.95159249303;
2.09370745218;
2.27815140881;
2.42114202847;
2.38153350888;
2.55423240378;
2.51575874501;
2.42062382245;
2.59041863632;
2.50860142271;
2.69773377995;
2.59092787084;
2.55989847856;
2.5569938428;
2.69630360951;
2.68538601562;
2.57765193696;
2.52959974731;
2.62368114364;
2.56367278172;
2.52170478221;
2.6647319319;
2.60457842319;
2.61528113786;
2.72714885559;
2.71316178041;
2.79336947051;
2.80966710895;
2.80303306406;
2.78931254332;
2.7706571807;
2.84190379405;
2.77402471997;
2.8455906595;
2.82865116197;
2.76955663145;
2.77972709614;
2.73923158685;
2.77450515953;
2.78437475057;
2.75265318251;
2.86471282448;
2.96119924437;
2.88061432531;
2.8746333325;
2.93196087474;
2.92608352152;
2.97501499857;
3.11878531425;
3.29284048025;
3.2067095046;
3.38275782527;
3.39464203611;
3.39212704214;
3.40060106915;
3.44103652491;
3.53812367171;
3.37726147573;
3.40195137253;
3.37026683091;
3.34131052376;
3.35956317614;
3.49164695906;
3.52510624887;
3.43628957034;
3.52013904153;
3.53403805242;
3.49566243633;
3.49259632628;
3.57498783765;
3.66660259939;
3.88541641516;
3.86569355901;
3.81581798837;
3.6381418147;
3.78584616432;
3.78757613592;
3.91200317996;
4.01344445319;
3.91358219626;
3.74810381028;
3.87724843839;
3.94736228583;
3.99177894457;
3.97077977058;
4.04283153155;
3.94817499902;
4.0078906508;
4.14258568757;
4.17269429243;
4.1996532321;
4.29649404819;
4.20009273147;
4.12969237358;
4.26153732362;
4.00871843564;
4.14377576407;
4.18981678214;
4.07574817559;
4.07783348002;
4.19545092925;
4.12391210238;
4.11499718658;
4.04460262715;
4.07500054044;
4.0886554731;
4.13826044319;
4.15558338887;
4.07827046256;
4.25844362125;
4.36026121424;
4.35752850226;
4.31787161805;
4.03353400137;
4.25237043145;
4.30091492655;
4.22907558692;
4.27365476381;
4.05103720407;
4.38028946895;
4.45803063409;
4.55658452592;
4.63362960954;
4.52500123215;
4.58460646715;
4.54327469674;
4.35708943914;
4.41542823777;
4.16332031761;
4.19457260383;
4.22509539018;
4.08740186796;
4.06205442671;
4.13668586513;
4.12040874652;
4.137425688;
4.26576469759;
4.25064952377;
4.16485119981;
4.18110979968;
4.01961898914;
3.97806745623;
4.13700098829;
4.20147132186;
4.30784369208;
4.36137807466;
4.18284549681;
4.26270300451;
4.21766862842;
4.19961556495;
4.34954369348;
4.15890563382;
4.20833964343;
4.30076480008;
4.30488787296;
4.29555507693;
4.22503157926;
4.14782210258;
4.09418656777;
4.1134255494;
4.24890088323;
4.24301124937;
4.19673546853;
4.24615917953;
4.39916019741;
4.28913795571;
4.2551867519;
4.17656035216;
4.18330388096;
4.18011220444;
4.30187808209;
4.31110402126;
4.36329215837;
4.41547704944;
4.34259579072;
4.23729225146;
4.1280829747;
4.29298612863;
4.32203745444;
4.29218609755;
4.34670826232;
4.22525305975;
4.23136526797;
4.28569465876;
4.32698862993;
4.20307877217;
4.24271529186;
4.31164556901;
4.30007900135;
4.14682476464;
4.14513531738;
4.09507054683;
4.13118350205;
4.24834753986;
4.25954234937;
4.3691832391;
4.26593112314;
4.24353569243;
4.30341386549;
4.35198739517;
4.39302987048;
4.50845304679;
4.45948107718;
4.59926924925;
4.60941751319;
4.84180415081;
4.50019572091;
4.47972496942;
4.27726981139;
4.36532220577;
4.32860512005;
4.36954667909;
4.4334562421;
4.37844888803;
4.39336712128;
4.50340741749;
4.37377649114;
4.29501012735;
4.36878782285;
4.34644637886;
4.33336257705;
4.17704450133;
4.25392250552;
4.33287240792;
4.20513205998;
4.12903648537;
4.21079346856;
4.18009714732;
4.45567676128;
4.14402323606;
4.17075055514;
4.21449154737;
4.10597174049;
4.07084257274;
3.94575826502;
4.09104030457;
4.06777633991;
4.02485376397;
4.06855628407;
4.00974772481;
4.04458923983;
3.95990773325;
3.99674738964;
4.03649689353;
4.04824753675;
4.0743821011;
4.05412732052;
4.05013609115;
4.07547355025;
4.09206910603;
4.06048677393;
4.06056522571;
4.14621026232;
4.05251323077;
4.17398957242;
4.17742463799;
4.25317219496;
4.16861714562;
4.31337183279;
4.40827359305;
4.37486050155;
4.31785397849;
4.21742430917;
4.21659940139;
4.25916936491;
4.36442264136;
4.41569492049;
4.3366172286;
4.26298372816;
4.14618646604;
4.30637795429;
4.22433708722;
4.18195833711;
4.08004114554;
4.25878550942;
4.24960994852;
4.13444470438;
4.20024129682;
4.24707858205;
4.25158395323;
4.31283800215;
4.22086771274;
4.22526576487;
4.24646355598;
4.34691576158;
4.29240686428;
4.2788068984;
4.34298233446;
4.36141429355;
4.36395867531;
4.38688338495;
4.42830236487;
4.39318424214;
4.36940189059;
4.40032478603;
4.55072225008;
4.50268483162;
4.54605706606;
4.632107478;
4.44743788658;
4.42232654724;
4.39811960901;
4.4179257934;
4.49042598255;
4.44467149808;
4.55129505003;
4.55501145779;
4.592167185;
4.60176223127;
4.77116478062;
4.6312588767;
4.54410063681;
4.57040497804;
4.51836780691;
4.42600157289;
4.39878749906;
4.37380431847;
4.30133633859;
4.35432089991;
4.35056697835;
4.53034776255;
4.50967205307;
4.4673921885;
4.41983978307;
4.43176821906;
4.37518399594;
4.36176856551;
4.32826843302;
4.36389430542;
4.39343976421;
4.48789023285;
4.39669266358;
4.28015011783;
4.38825195295;
4.35161609416;
4.25925450243;
4.34550312249;
4.22661406715;
4.30134952733;
4.24777984452;
4.00173266438;
4.01974025227;
4.05314736035;
4.13431086651;
4.18160683723;
4.19973440285;
4.21201605124;
4.19811619093;
4.28911948954;
4.16777720475;
4.23554299781;
4.32787796625;
4.26619333662;
4.26111664486;
4.18340372984;
4.24397604952;
4.23194948554;
4.24899392286;
4.29639845295;
4.33715382007;
4.26975251446;
4.20661511799;
4.17527362414;
4.18005146926;
4.18481968427;
4.16617493107;
4.20663056963;
4.19252849757;
4.24041669383;
4.25419312741;
4.17265045537;
4.28636172538;
4.28315513165;
4.22284966098;
4.16271255537;
4.25865980589;
4.32252227634;
4.3323179438;
4.25483480324;
4.2670414956;
4.01462687743;
4.05331643885;
4.06118420144;
3.99597536143;
4.07427944388;
3.97265647367;
4.01285027477;
3.98498718507;
4.10591789011;
4.11743939335;
4.06166353733;
4.1663952644;
4.16029034727;
4.11922695646;
4.21952638667;
4.25015997863;
4.25387229021;
4.19377552007;
4.32387300396;
4.21261764338;
4.28326377928;
4.2747561905;
4.30504072327;
4.3050555933;
4.1977185235;
4.20423509251;
4.1759792875;
4.01394458189;
4.10632902092;
4.12984994933;
4.16258033164;
4.2059716521;
4.21010966717;
4.14377121821;
4.10497608221;
4.11565376775;
4.1276826455;
4.15322496847;
4.04065120755;
4.11373565927;
4.09488738593;
4.17272881124;
4.19414638749;
4.22734689717;
4.3974606513;
4.40767050823;
4.5360097226;
4.43292759807;
4.50111896941;
4.53142120198;
4.61641126;
4.58398987362;
4.60830629366;
4.60070112424;
4.51018040525;
4.51259793602;
4.61596406693;
4.67129315206;
4.61195401769;
4.60977224291;
4.65709846467;
4.7894098351;
4.76764309843;
4.83619553128;
4.76531927164;
4.76277679293;
4.778162709;
4.75740003963;
4.86694108258;
4.85979044636;
4.80422527903;
4.83464052894;
4.74723310985;
4.76062310229;
4.84151577729;
4.85819147877;
4.78942268424;
4.7230032688;
4.55997734598;
4.57331411764;
4.662125938;
4.61140209357;
4.67088869076;
4.50099354677;
4.38289167434;
4.49326168837;
4.40276241724;
4.55750566551;
4.45897467614;
4.50388325328;
4.55756911982;
4.47934308753;
4.60720252184;
4.49454411302;
4.4995137335;
4.28065142467;
4.44010487724;
4.42751490216;
4.52740380158;
4.58996966495;
4.61707421441;
4.6157695847;
4.58406101926;
4.37964311123;
4.47398440586;
4.36861646809;
4.40405860816;
4.46645465331;
4.52306290051;
4.47707621566;
4.43401582881;
4.45093059596;
4.35322914076;
4.30603030739;
4.45788454908;
4.35831344247;
4.36640436112;
4.37855565645;
4.36228718795;
4.33419012036;
4.36536326065;
4.31880419861;
4.34743434705;
4.32253132588;
4.28340836804;
4.3864836446;
4.50825701723;
4.44162403739;
4.51397843911;
4.53588176657;
4.49024706879;
4.45472156135;
4.44985303867;
4.45592218191;
4.53037207734;
4.52781573307;
4.53462809185;
4.49060566248;
4.39816383566;
4.414082146;
4.4320311159;
4.37788519864;
4.42067229471;
4.45211923966;
4.43378241666;
4.4581747697;
4.42036332451;
4.31424354468;
4.44358811986;
4.41130690145;
4.44913780358;
4.36636733334;
4.43319331525;
4.46085973545;
4.44035223591;
4.44640468644;
4.51507168089;
4.4637262214;
4.54498017293;
4.66257356875;
4.57083993285;
4.64134772739;
4.66166349588;
4.64758384553;
4.52037122487;
4.52857878168;
4.49310034836;
4.45865759963;
4.55418666125;
4.65122202927;
4.56714278574;
4.59403830431;
4.61390992981;
4.65815000874;
4.60117668196;
4.58731313925;
4.5185368118;
4.48724837711;
4.51506140823;
4.38315907282;
4.51076228478;
4.40326420492;
4.53283868246;
4.52832867716;
4.53138987328;
4.48376291168;
4.56177869427;
4.71314646875;
4.51695815409;
4.52543371611;
4.49318111807;
4.53633925345;
4.50199702844;
4.52652495555;
4.53562252344;
4.52182761191;
4.58811634821;
4.58149082145;
4.53746645252;
4.59948457505;
4.72866079934;
4.7141451243;
4.60851258256;
4.56348194628;
4.62112473844;
4.51712245335;
4.50079046674;
4.46013585593;
4.51184490428;
4.48282204625;
4.50884370043;
4.51862694628;
4.63724110127;
4.51225537718;
4.50258791971;
4.5073152831;
4.48547426109;
4.51259822618;
4.47251791212;
4.44137841803;
4.51663759366;
4.48022006437;
4.44296577877;
4.54292150135;
4.53808096195;
4.53912680372;
4.43574456503;
4.56858022337;
4.4776531432;
4.42259421946;
4.47257319514;
4.55050806154;
4.48435124694;
4.49427557383;
4.46550258472;
4.50985103098;
4.536293953;
4.38806105512;
4.39177467423;
4.5820448043;
4.62318767063;
4.69413279976;
4.55436664766;
4.66301061908;
4.53530296795;
4.52527576811;
4.51747219434;
4.6369058446;
4.67511112856;
4.63762348901;
4.66813855538;
4.79239549933;
4.73667755218;
4.592453261;
4.77896034502;
4.74021366025;
4.7501370186;
4.79611230909;
4.73184833385;
4.68125223085;
4.7559354879;
4.67320445704;
4.6734523439;
4.74263992161;
4.66139920573;
4.7360225638;
4.67814894944;
4.69664101062;
4.73942662177;
4.75279472748;
4.72517109725;
4.75704893858;
4.70638367117;
4.45288436233;
4.4647224977;
4.51407983232;
4.48460834095;
4.50067020013;
4.44075302906;
4.47785481632;
4.48309696372;
4.52141827806;
4.48590276318;
4.53620520157;
4.54099937973;
4.5367071281;
4.54231544634;
4.53581474026;
4.56488367256;
4.48471782095;
4.50727937315;
4.51287011502;
4.45645774057;
4.48463699986;
4.62253072025;
4.68425759012;
4.57206842376;
4.68599616799;
4.83603457191;
4.8684611857;
4.79235850081;
4.83599879914;
4.75894309005;
4.72034874468;
4.80283095896;
4.75741647796;
4.77099133865;
4.70568619968;
4.78478863431;
4.80843381168;
4.79729288945;
4.79726109065;
4.68382197784;
4.75063352891;
4.81111698159;
4.80476509141;
4.7825516661;
4.82260705702;
4.87580931129;
4.81937113404;
4.83813848551;
4.8459011115;
4.78636379203;
4.70823484399;
4.71625198989;
4.823546391;
4.84552778725;
4.92726228466;
4.99165606886;
4.87231868069;
4.9167096123;
4.78774773366;
4.8762093094;
4.87020886517;
4.85830970556;
4.86901746792;
4.93893506638;
5.05984477339;
4.99381009878;
4.92222582288;
4.83030859209;
4.88264763039;
4.776186622;
4.70020612151;
4.64880525715;
4.69658420891;
4.69180308154;
4.81489637622;
4.75372296087;
4.76624870297;
4.667306408;
4.70117706471;
4.78987306186;
4.80692310067;
4.73350062561;
4.82036656461;
4.86893702558;
4.81851803392;
4.82588100668;
4.7240239585;
4.74477985454;
4.83451585307;
4.88456197504;
4.96975698133;
4.80380186311;
4.78886950888;
4.79577377814;
4.81232604921;
4.86154772123;
4.70474223907;
4.76452906681;
4.81440491276;
4.75403871515;
4.79999443225;
4.76048140709;
4.75557475634;
4.76723097541;
4.81240174555;
4.81969263139;
4.78904807927;
4.84276046584;
4.79568327818;
4.85408741332;
4.97003683993;
4.8984192267;
4.78167273539;
4.72300036901;
4.86175716006;
4.9452149345;
4.65971760014;
4.62481896824;
4.79862900657;
4.6883017772;
4.67462090319;
4.65036099812;
4.63302748596;
4.75169851467;
4.71728414645;
4.73651730684;
4.8800708062;
4.81797177781;
4.71867854997;
4.73439420514;
4.84718535412;
4.81685425356;
4.7897109456;
4.80397224604;
4.79176632071;
4.78366574014;
4.85212676679;
4.82705666967;
4.82638049524;
4.74796317153;
4.74380967084;
4.68807516401;
4.72106081244;
4.74929740034;
4.84452078078;
4.83282300332;
4.81322034183;
4.70958864144;
4.86515399242;
4.763929873;
4.88465345196;
4.80091535671;
4.77221701217;
4.97562876392;
4.95820965398;
4.87811870856;
4.93871661826;
5.0516848886;
4.93457405252;
4.99096697687;
4.97860773149;
4.92798194801;
4.94535350453;
4.96191115562;
4.8860800256;
4.95457861605;
5.01379792203;
4.88956348268;
5.02232874111;
4.98796143096;
4.96531022867;
4.98486425383;
4.92203013675;
4.99150204267;
5.01720030285;
4.99667614217;
5.13093435763;
5.08403876789;
5.07751407334;
5.05195807718;
5.09439525937;
5.17103280053;
5.04936562184;
5.11628994397;
5.08657673178;
5.0376895948;
4.99889728206;
5.04057670977;
5.12266011566;
5.01426669571;
5.03738062991;
5.09531374687;
4.87984205022;
4.93931647852;
4.87062713428;
4.86566313936;
4.89902274827;
5.02897380277;
4.85516713834;
4.89498403537;
4.88200816256;
4.94276308246;
4.95373785875;
4.90504211151;
4.79925506267;
4.88976690943;
4.74786890885;
4.7543603293;
4.77112678639;
4.74895670695;
4.75323459825;
4.65471461514;
4.64868922186;
4.75542255819;
4.71563642031;
4.77498398607;
4.72916596735;
4.69766847857;
4.78964579165;
4.7525940527;
4.72841808987;
4.71885616706;
4.72806040908;
4.69928571287;
4.72745062299;
4.79077666172;
4.7513755406;
4.75224749435;
4.76123941108;
4.6954688329;
4.73153791808;
4.88347548647;
4.80630761378;
4.74216685848;
4.7526281205;
4.77415434593;
4.79311912635;
4.81064086956;
4.77433368087;
4.75385959533;
4.75986290848;
4.57013163894;
4.61985995421;
4.63195875316;
4.66104057577;
4.65316366182;
4.6842052275;
4.72142149752;
4.6494193873;
4.62846941119;
4.59446836992;
4.62332943182;
4.62808300572;
4.58450501907;
4.69684770606;
4.69695755052;
4.80412189365;
4.77099009709;
4.86418731206;
4.81372415338;
4.79566762733;
4.7566595791;
4.88311291665;
4.91773561563;
4.80855121921;
4.70794416228;
4.72712486939;
4.90153104463;
4.80609284313;
4.7696633814;
4.84352305532;
4.83954540744;
4.83087417984;
4.87428196739;
4.80118369556;
4.77882037859;
4.74889006737;
4.86897660508;
4.90563190536;
4.78741243652;
4.70712479705;
4.72757417573;
4.74940288167;
4.70560444802;
4.69916628365;
4.710802939;
4.62601334613;
4.60208010199;
4.68249791674;
4.62750504826;
4.6045147239;
4.58475209155;
4.66858918284;
4.43554558945;
4.5366469186;
4.5608720508;
4.60261395841;
4.59158061526;
4.5877855973;
4.67588417758;
4.60969833253;
4.52857434215;
4.59671300134;
4.45793336818;
4.38405948932;
4.49069032977;
4.5535003956;
4.51152183759;
4.55607764869;
4.55298647379;
4.4385001744;
4.36519565432;
4.32100009122;
4.23422161039;
4.20427868533;
4.43343873268;
4.38171469673;
4.30565972985;
4.51212726744;
4.34486871159;
4.43613827474;
4.43340638181;
4.44633594186;
4.54598522947;
4.47342430173;
4.42118258076;
4.52739289751;
4.49212453172;
4.48299837013;
4.56795260556;
4.57668964226;
4.58279350814;
4.55439581827;
4.61250558151;
4.55362203311;
4.47417702913;
4.61743318753;
4.51362215453;
4.48219791377;
4.55910799122;
4.65591155359;
4.70266014038;
4.61449495174;
4.53223933757;
4.62357914341;
4.52645740854;
4.56553177234;
