1.71570814647;
2.09156361811;
2.17064105354;
2.17880832521;
2.27655913283;
2.15250823537;
2.24405193967;
2.31939126652;
2.45839601857;
2.38481997366;
2.39226543664;
2.33227647301;
2.4042030175;
2.43569910213;
2.48921248326;
2.46160617737;
2.51438883583;
2.61709053137;
2.59330682056;
2.57649576808;
2.56916150063;
2.55185395136;
2.72309978183;
2.68968163113;
2.57985597999;
2.53939650558;
2.58955188544;
2.57937145471;
2.53458554975;
2.6096658355;
2.71524904266;
2.58485304047;
2.66225607869;
2.6790588899;
2.59611560355;
2.64616774801;
2.65702541246;
2.59850629415;
2.64624710465;
2.70945168527;
2.69756438101;
2.71229109922;
2.62065309472;
2.69467050273;
2.67657670404;
2.55977139058;
2.5342200078;
2.53630433722;
2.49928319191;
2.54913222555;
2.5581651865;
2.54209692414;
2.52216384622;
2.55945203247;
2.6139386937;
2.64105395769;
2.61534907316;
2.65912046629;
2.68099295042;
2.65280422226;
2.75486273251;
2.78653070213;
2.8781766696;
2.99224522604;
2.96852963185;
2.96850180459;
2.91759072431;
2.97940788693;
3.03115345194;
2.93758331026;
2.84132267997;
2.84095172168;
2.74783387895;
2.88167776612;
2.88654111991;
2.88192674187;
2.84355505452;
2.90909105084;
2.87356746656;
2.88367238446;
2.99072696517;
3.1687293933;
3.17441669998;
3.13670669214;
3.22766135058;
3.24950545512;
3.24854457166;
3.3016409264;
3.32054385114;
3.141291935;
3.14021308679;
3.07040552255;
3.00565063291;
3.02596061544;
3.01444124169;
3.02590560405;
2.96778708175;
2.99372923728;
3.09346293085;
3.06485451035;
2.99964408693;
3.09367859872;
3.01713460989;
3.09651539578;
3.09019045219;
2.99693305356;
3.00394382614;
2.95341309999;
3.02038995437;
2.97228225433;
2.98812827881;
3.14953876292;
3.12550797118;
3.0062874492;
3.09551694219;
3.10347508005;
3.06136964787;
3.09132611104;
3.15427774329;
3.17625769911;
3.17524377037;
3.14451855169;
3.18129954345;
3.15115545665;
3.16325803277;
3.20920379331;
3.12429835772;
3.13472789844;
3.21228697245;
3.12272125948;
3.05137351008;
3.09230698141;
2.98844433713;
3.03958446492;
3.0929862301;
3.01495478368;
3.02896512693;
2.98474044873;
3.03564259903;
3.11785142443;
3.11961767744;
3.21554480777;
3.12947232709;
3.07355486642;
3.07570262388;
3.057165503;
3.05173809866;
3.14153085124;
3.02067240724;
3.10032601464;
3.0129885694;
3.02669819912;
3.10269573762;
3.13057697316;
2.97750504326;
3.0984915526;
2.95395817647;
2.98221622467;
3.04223766269;
3.07941962448;
2.9239463093;
2.94812046208;
2.93051781119;
3.04669688376;
3.02195907672;
2.98971274801;
3.01728440073;
2.96897235886;
3.04615976998;
3.01737529256;
3.07765216249;
3.0056492677;
3.02707699245;
2.9897436505;
3.0395644221;
3.05893613483;
3.10068806589;
3.05490339351;
3.03650875106;
3.00735455733;
3.07280113814;
3.07256039998;
3.04873950513;
3.10241424685;
3.15477950637;
3.11897573929;
3.15201802441;
3.22950931777;
3.22219048415;
3.21265372972;
3.19115901191;
3.08048233338;
3.09011878804;
3.04656114554;
3.12364878216;
3.25837950173;
3.18566057441;
3.25658542056;
3.18521753984;
3.18282783971;
3.14414125688;
3.21212086378;
3.17927034078;
3.19950350776;
3.24912025804;
3.21817164509;
3.22630062513;
3.24851510368;
3.18017654205;
3.21023289136;
3.22555466405;
3.21578338056;
3.12745014483;
3.04014883613;
3.08665964582;
3.07725211473;
2.96703974483;
2.92093841797;
3.02034838814;
2.92980386111;
2.97570319163;
3.08744896337;
3.14806251393;
3.18700162816;
3.13605109044;
3.11176510974;
3.13650513284;
3.15150414035;
3.14411884351;
3.08784602936;
3.02385345332;
3.11511322881;
3.15397931885;
3.12908617862;
3.17674664855;
3.11482352304;
3.15152751133;
3.15579781106;
3.16278788981;
3.17395242373;
3.06994631636;
3.12552830416;
3.12302668994;
3.17919576713;
3.25047088692;
3.19655564876;
3.1883121177;
3.20227246594;
3.17740507702;
3.12900569236;
3.11146749984;
3.17288723467;
3.20572051182;
3.23266046997;
3.19962793346;
3.17398546968;
3.24366003406;
3.32579214309;
3.31540840525;
3.3123899621;
3.23874700861;
3.18637648185;
3.18738282361;
3.2597575675;
3.27344776071;
3.18756950109;
3.2236997771;
3.20592541404;
3.16699302097;
3.12417582132;
3.18827452283;
3.23081191131;
3.19117345235;
3.16292727315;
3.24652862843;
3.11100197516;
3.08224872187;
3.07939587079;
3.07696335643;
3.09533868402;
3.0477092653;
3.09575918917;
3.13278605167;
3.213540716;
3.22602150067;
3.24683196766;
3.11964623422;
3.21837890515;
3.13433110628;
3.14588632332;
3.2119243918;
3.19168349473;
3.17298289689;
3.14434713398;
3.11371047477;
3.11349754541;
3.17444589315;
3.20691927399;
3.26277155275;
3.26469121105;
3.17802940754;
3.24650978296;
3.20656604425;
3.14138305037;
3.130753533;
3.18414156376;
3.17520248779;
3.18050694314;
3.07694255175;
3.07115332463;
3.23583931742;
3.12314087805;
3.10729805372;
3.12720046658;
3.15038579442;
3.10772772427;
3.02681106454;
2.99939028245;
3.04319004035;
3.2052533121;
3.02302901308;
3.0405610617;
3.05309887499;
3.05436517272;
3.13053308571;
3.12665879661;
3.07197995182;
3.07169655496;
3.04064009503;
2.91899907555;
3.02770052737;
2.98388073126;
2.98680967525;
3.09237305622;
3.17198880286;
3.01982975001;
2.9836614996;
3.00195875839;
3.07893156088;
3.1113666273;
3.12499858608;
3.15192390918;
3.15144490652;
3.17339750263;
3.13237991398;
3.10477990717;
3.21132341583;
3.25257002835;
3.19532838189;
3.17359981271;
3.12723319553;
3.13066907864;
3.14947650558;
3.13803739306;
3.23597065868;
3.20513817916;
3.26962963328;
3.21375670381;
3.19139660792;
3.08753444454;
3.19691944655;
3.24773095224;
3.16584061695;
3.09354047638;
3.15870098922;
3.15961698624;
3.18904377643;
3.22911407213;
3.17188543109;
3.21556647312;
3.12443504129;
3.09280278376;
3.20189211142;
3.11337512081;
3.19721394576;
3.14776762225;
3.18878193042;
3.22474309314;
3.2017054694;
3.12213826898;
3.09003467226;
3.14079955691;
3.13369576921;
3.081553264;
3.16020692594;
3.34257831494;
3.2894954614;
3.2637901672;
3.31340993726;
3.30008053155;
3.2057088417;
3.17219129773;
3.24187164299;
3.19699465063;
3.17508043817;
3.23644714787;
3.26351439104;
3.29475032216;
3.18257213227;
3.15375243075;
3.20582313047;
3.15497720249;
3.26393288982;
3.19093998719;
3.27084041433;
3.19376222679;
3.20951670673;
3.14743689264;
3.10303637458;
3.18236194752;
3.0811965379;
3.13001807739;
3.11061588513;
3.10343951065;
3.12743507814;
3.1923768338;
3.10301589775;
3.14771341245;
3.12120970416;
3.12390237919;
3.03194291686;
3.08295576841;
3.10423980875;
3.11338966548;
3.1485143873;
3.12774082434;
3.22773609573;
3.2402032338;
3.22540350888;
3.14561787726;
3.05252697031;
3.23130116588;
3.1786861901;
3.13749435083;
3.18225484002;
3.11735739863;
3.29185455517;
3.27882763009;
3.2314761965;
3.23186098777;
3.21523165827;
3.09963678094;
3.2418180457;
3.19453069452;
3.18799475668;
3.13930112764;
3.12526498381;
3.14554654963;
3.09359079301;
3.10103215657;
3.1004571868;
3.19539904912;
3.29064955619;
3.2354888482;
3.11523256223;
3.09396219897;
3.11523938067;
3.24911477396;
3.22572373254;
3.24369852051;
3.32886427456;
3.22647195986;
3.23928160073;
3.3235903826;
3.2473280096;
3.19887166935;
3.16169367818;
3.1846134383;
3.13334648014;
3.12904089608;
3.08252337969;
3.08724150248;
3.19630589878;
3.20022786128;
3.13173749334;
3.12795645593;
3.03910663928;
3.03560684107;
3.08844037513;
3.16476421164;
3.15519669331;
3.07419055464;
3.07387989403;
3.09661157773;
3.0995326782;
3.01664501107;
3.01321941307;
2.98143446361;
3.09669708284;
2.97399330763;
2.96525145085;
3.03049247605;
3.1402370898;
3.13357195082;
3.08736703301;
3.03779553732;
3.10786907842;
3.00010752794;
3.09895844397;
3.05256873353;
3.07537581095;
3.06708481257;
3.06978527432;
3.08644926607;
3.12849984779;
3.24213444724;
3.1809276241;
3.22219096015;
3.13779969726;
3.2383768101;
3.321816773;
3.30829941321;
3.34046656652;
3.51592920143;
3.46172668695;
3.40928530527;
3.40931850847;
3.4785953207;
3.56708098494;
3.64721254518;
3.48642286867;
3.56761760472;
3.41192705035;
3.47660686011;
3.70485801469;
3.50628488643;
3.52490206409;
3.5364746834;
3.44361090259;
3.56756817202;
3.48816729644;
3.69521746648;
3.76406681755;
3.80472009999;
3.65988295486;
3.58114945227;
3.57914646398;
3.57251583386;
3.46076782319;
3.71974489911;
3.69579587214;
3.76554437572;
3.76944431657;
3.74272966357;
3.69036808916;
3.77120811259;
3.70102667207;
3.75532713707;
3.72437355096;
3.70195870201;
3.71585535353;
3.72888421218;
3.71154796946;
3.79929527925;
3.64808659927;
3.64245401652;
3.68320825477;
3.66100166826;
3.73300463924;
3.65141113928;
3.5966625738;
3.59983122832;
3.67276088781;
3.67688851825;
3.62089984888;
3.7422318647;
3.64263256586;
3.61193047526;
3.62372907804;
3.58468833827;
3.57941711347;
3.58913010561;
3.64039690007;
3.62121381932;
3.43884824997;
3.57795610152;
3.47973322017;
3.51012380128;
3.70980421113;
3.57537135331;
3.42380865318;
3.54562795863;
3.39453728423;
3.54734168594;
3.46452357368;
3.53565015606;
3.38886569236;
3.27901144281;
3.29971431618;
3.23607273696;
3.29223959559;
3.26286998754;
3.22294107388;
3.24174991259;
3.20992282988;
3.17533563139;
3.2162508233;
3.1259463415;
3.20246954104;
3.13879983556;
3.12872694499;
3.16679863921;
3.12470123471;
3.08667893162;
3.03804785139;
3.1888104382;
3.14813058597;
3.17492060446;
3.23048892218;
3.28229371664;
3.18285564419;
3.21001576797;
3.09796721275;
3.08836744989;
3.10867700053;
3.09561248884;
3.09320372716;
3.09612251952;
3.14155188821;
3.17039782591;
3.17081316182;
3.17298345245;
3.25651420792;
3.17572536663;
3.2287051312;
3.22390088637;
3.23455264738;
3.1419391953;
3.14785387056;
3.17077611516;
3.3335222892;
3.2238097162;
3.27213135909;
3.22689885373;
3.17334820112;
3.08855937325;
3.18780205852;
3.19820316259;
3.15471108214;
3.08006559598;
3.06274745293;
3.14362566991;
3.14739615496;
3.21138319141;
3.36606600739;
3.16732322741;
3.23086344123;
3.22653106815;
3.24846075729;
3.22297677597;
3.22741385542;
3.41694131062;
3.5031784905;
3.75290504084;
3.75811743508;
3.81661277484;
3.79114671076;
3.70779521334;
3.68528154317;
3.70659477249;
3.72684142538;
3.78543336963;
3.85194229982;
3.85492327981;
3.90364248116;
3.85167193543;
3.77140030068;
3.80589060742;
3.72450850127;
3.74612223532;
3.78399739762;
3.67189364618;
3.7618564277;
3.70390296713;
3.78539776232;
3.7178163629;
3.81783551433;
3.80320587182;
3.7987572934;
3.8781009278;
3.80284924549;
3.80042468006;
3.86087534642;
3.85934549113;
3.82390245794;
3.83743474239;
3.84596617231;
3.84079981962;
3.86028051215;
3.7839871162;
3.73597883294;
3.67065503943;
3.63162734418;
3.59318973451;
3.6403643881;
3.69755838417;
3.61710070516;
3.50452956505;
3.44040514822;
3.4021515728;
3.60086316997;
3.59407221077;
3.56540931972;
3.53699805828;
3.39274164434;
3.44572857012;
3.34058096714;
3.30447267903;
3.50264710871;
3.4408545889;
3.339590574;
3.40356718593;
3.59792224012;
3.39253520194;
3.43690850931;
3.45466305638;
3.45638398055;
3.40885783946;
3.42475854113;
3.27766471117;
3.3576104805;
3.35841314359;
3.37353586723;
3.28062577112;
3.33946564397;
3.22497023611;
3.33599395707;
3.2827618112;
3.30783774006;
3.20478037469;
3.24535419793;
3.22736643964;
3.3258975537;
3.20641600382;
3.25383614563;
3.21222592663;
3.25469349539;
3.26441440835;
3.33400709037;
3.37395816029;
3.54701913022;
3.48620130549;
3.46515234346;
3.61399425973;
3.16285591757;
3.24665117462;
3.38360551033;
3.32506853103;
3.36882595687;
3.40300442628;
3.3712953827;
3.40230461587;
3.36937478762;
3.36639360382;
3.29250032135;
3.27919885675;
3.26057953484;
3.32954181287;
3.33322574661;
3.37664775593;
3.21492912188;
3.35256462306;
3.35698016646;
3.29274585112;
3.29728620043;
3.33309793009;
3.3110644525;
3.42427164955;
3.46591333293;
3.31909653776;
3.49982504035;
3.37883390603;
3.24748924619;
3.29793280461;
3.35198579102;
3.30955049774;
3.3089111846;
3.35107520549;
3.33384847103;
3.31788161776;
3.30797685962;
3.41266403884;
3.4422860334;
3.42864970097;
3.41171197601;
3.34572920418;
3.39948440522;
3.36291140453;
3.41770391967;
3.40689690043;
3.41296587275;
3.44515779755;
3.38541844928;
3.438271066;
3.45782339012;
3.47765700646;
3.51068173826;
3.52369731627;
3.5373426024;
3.46582312084;
3.46357974913;
3.47852109021;
3.49554565405;
3.55922104108;
3.5274756637;
3.48689140138;
3.53183675424;
3.56561640123;
3.55054173233;
3.52233784759;
3.56456764822;
3.55324554789;
3.50314390068;
3.37639414654;
3.35889067718;
3.37320458402;
3.47286911986;
3.5244827995;
3.32560264375;
3.36561545162;
3.32403835561;
3.36685404644;
3.34173130938;
3.47717129728;
3.33257547414;
3.30844624386;
3.35925417891;
3.25971979456;
3.37384315787;
3.30214769261;
3.38181891345;
3.30113484346;
3.19824218035;
3.2591603377;
3.29860300553;
3.3022722724;
3.31068607624;
3.3778507117;
3.37001390507;
3.25008753022;
3.2979414835;
3.35775143066;
3.29106439618;
3.43366373098;
3.41916801408;
3.46741135424;
3.4059649005;
3.43027378065;
3.36329749966;
3.34056249873;
3.46991863206;
3.53223044952;
3.54289650437;
3.57516768252;
3.61181403251;
3.58766924181;
3.64031541027;
3.66105636695;
3.71471627962;
3.66003185168;
3.71662882652;
3.6651465008;
3.60783418478;
3.59614376483;
3.58631142045;
3.55562397826;
3.44858819794;
3.789635079;
3.75495083279;
3.70298522624;
3.62103088945;
3.59411397231;
3.56379101545;
3.54158772486;
3.53694185269;
3.5215532052;
3.57386650567;
3.67902253916;
3.61945094358;
3.675126645;
3.60486250434;
3.53255468424;
3.45568530488;
3.4515919856;
3.5839667038;
3.49675439861;
3.58779359115;
3.60256501686;
3.56473337879;
3.49178801826;
3.59897151833;
3.64192930374;
3.63069247061;
3.65922952891;
3.63101818859;
3.55069800322;
3.57872945506;
3.52208110408;
3.45841833612;
3.55056417969;
3.57305782976;
3.54269433723;
3.51196279775;
3.58420239584;
3.71274334176;
3.69823546935;
3.60835512643;
3.50756746856;
3.41804028115;
3.46527575117;
3.44245696614;
3.48270252203;
3.52961553759;
3.44078345817;
3.69386866617;
3.58941799399;
3.66742861709;
3.56192515512;
3.57014226886;
3.67819089869;
3.67762726786;
3.50588957698;
3.38222957911;
3.46925074663;
3.46833163792;
3.49587749973;
3.36970504203;
3.44728421487;
3.53620869676;
3.41824996186;
3.5330025164;
3.52697721811;
3.54801389919;
3.56752697753;
3.59143624121;
3.54521766505;
3.61191556487;
3.554189139;
3.6184470598;
3.58960539906;
3.65605347748;
3.67649626567;
3.65167734924;
3.58516406299;
3.75645153964;
3.58920662243;
3.76141120622;
3.65663036828;
3.66746088103;
3.6832730727;
3.73632915513;
3.69353258773;
3.66378516092;
3.65223058082;
3.58299838039;
3.50954452841;
3.38649982686;
3.412294839;
3.4656920969;
3.45627468406;
3.47635715643;
3.45964262027;
3.55095541045;
3.74324415225;
3.59650403762;
3.76102708374;
3.80087952057;
3.72973318041;
3.81259810237;
3.8268518931;
3.73042710331;
3.80019573572;
3.89952895359;
3.89742813805;
3.9340224309;
3.78638213245;
3.83532873019;
3.83781032744;
3.80354983135;
3.67117015362;
3.72921698559;
3.73857675975;
3.68807939831;
3.72172595468;
3.73506226069;
3.77559980213;
3.76578335134;
3.79477594025;
3.74379872918;
3.69670992474;
3.64838441664;
3.59531251887;
3.38791627755;
3.4272381323;
3.57585169156;
3.74419296358;
3.62403926186;
3.55663698989;
3.6545486735;
3.55732314873;
