1.91168793644;
1.94200179968;
1.94378859461;
2.15947772716;
2.25487311969;
2.2769161926;
2.31174794255;
2.12595243623;
2.23780205428;
2.18029883556;
2.4291422311;
2.4147160025;
2.38767239998;
2.24999068688;
2.39697197999;
2.47181374586;
2.48801168489;
2.50685530786;
2.46709544526;
2.4812665307;
2.47402024018;
2.51111935402;
2.48916602157;
2.46311850733;
2.55703437026;
2.58610743846;
2.61453175785;
2.60884872136;
2.56215353332;
2.67382809432;
2.71575889284;
2.72551239975;
2.70941737723;
2.70085691399;
2.67567610895;
2.86108973698;
2.73616896815;
2.7042400992;
2.7152511499;
2.69965822687;
2.90398380577;
2.8709256687;
2.94097627965;
2.92911822879;
2.86130931857;
2.86986326981;
2.94785370329;
2.972932875;
3.02001653604;
2.89331138158;
2.89535753352;
2.77007176501;
2.87422446587;
2.82967525468;
2.82631325724;
2.76822146498;
2.85705063343;
2.90676061089;
2.81913567907;
2.80635031899;
2.76963363456;
2.81987969797;
2.82102312743;
2.72526459689;
2.68721655936;
2.91394664833;
2.69279778282;
2.74239120677;
2.85803135715;
2.79775115744;
2.77034484047;
2.89068279942;
2.84939508891;
2.87848047726;
2.97358306397;
3.02372369033;
3.03879321223;
2.96594290129;
2.95364642399;
3.03901284659;
2.9606968478;
3.11229063089;
3.07612658535;
3.17678742375;
3.20906571354;
3.23658670181;
3.0714960303;
3.12330129588;
3.08005135222;
2.99090102175;
3.0961919675;
2.89349142943;
2.85163537729;
3.0044015204;
3.00617737602;
3.11300362785;
3.04838930102;
3.03958810589;
3.04086831398;
2.98067077795;
3.01304811651;
3.04526653432;
3.04728507511;
2.92012853403;
2.85498430295;
2.93443886637;
3.07176655878;
3.01902132577;
3.09143096856;
3.04369820322;
3.13484577934;
3.05972478782;
3.11145218485;
3.03124081043;
3.02882347201;
3.05868372699;
2.99137799202;
3.02526442705;
3.08817712713;
3.0675420996;
3.19448675822;
3.16202945885;
3.22821692202;
3.08063782125;
3.05256792742;
3.04732174695;
3.03383195066;
2.96251741465;
2.9964365066;
3.02050219665;
2.98989080977;
3.12603537224;
3.07092146806;
3.11561059432;
3.0804844054;
3.19089361975;
3.28449658399;
3.32247519455;
3.34004349604;
3.26500656429;
3.25468555906;
3.32504203802;
3.31232786212;
3.23961847809;
3.18764334058;
3.09539217701;
3.19269639993;
3.26369494175;
3.31449808389;
3.30225204715;
3.30526234493;
3.33515558117;
3.34037957217;
3.21982225031;
3.24443244633;
3.27367520739;
3.19209333856;
3.19701323378;
3.3122669207;
3.17214084227;
3.14745678386;
3.19099447964;
3.26272714486;
3.30902365546;
3.26332149165;
3.27864919923;
3.22285403236;
3.26628508451;
3.27862563986;
3.42661666981;
3.3818579589;
3.29821809948;
3.24184847265;
3.3585990844;
3.35398273526;
3.39279858295;
3.34483982842;
3.29061930312;
3.35742735205;
3.27015969606;
3.36003898978;
3.30590761154;
3.31795607301;
3.32550087821;
3.33815666246;
3.2860721076;
3.3059549392;
3.28053846373;
3.37093777774;
3.37932822303;
3.3888487491;
3.38785725058;
3.32506150845;
3.40965383873;
3.39111181225;
3.37768472706;
3.32109766982;
3.37315199974;
3.30947076165;
3.32449594738;
3.29592039981;
3.25527539232;
3.38362421194;
3.43637971538;
3.42571716009;
3.4490738047;
3.41111068547;
3.40316185198;
3.33636990052;
3.41083842037;
3.37727504079;
3.42170636447;
3.37704047896;
3.43316952718;
3.42576636031;
3.42556370766;
3.4101540835;
3.39136071496;
3.4133514236;
3.34068753853;
3.38066250634;
3.37239996688;
3.39439756124;
3.32623208869;
3.32524894826;
3.32358576951;
3.27836744715;
3.28854034934;
3.32693964856;
3.28952572035;
3.2925390588;
3.33139653798;
3.34377395;
3.28695848605;
3.36686761541;
3.36393347711;
3.39053943266;
3.4122919232;
3.34842326455;
3.35282876348;
3.4306337477;
3.46708916992;
3.40573714275;
3.31932264557;
3.41332789983;
3.44614269465;
3.38825032807;
3.3675978116;
3.38847378365;
3.42795953377;
3.35398544837;
3.39829646822;
3.43832597677;
3.36180330213;
3.32681696223;
3.31608805973;
3.26095236308;
3.35220932223;
3.34459752552;
3.29516156226;
3.34980717998;
3.31337168674;
3.30815958558;
3.32649330227;
3.27409726883;
3.328770351;
3.29844727751;
3.26412749442;
3.24056588816;
3.2564467066;
3.29708771427;
3.32141098318;
3.27578480378;
3.23073579782;
3.25482589598;
3.21668128706;
3.24648706577;
3.27186017401;
3.21597668609;
3.21173020151;
3.28177195476;
3.24849046178;
3.2174660394;
3.26635586126;
3.21558960169;
3.23358176878;
3.23222902528;
3.24127975855;
3.24063037344;
3.22809381496;
3.26245107039;
3.20920336351;
3.21703438823;
3.31241994165;
3.25724509133;
3.24115137059;
3.36182075168;
3.34339716429;
3.36623502367;
3.31704439106;
3.27340333868;
3.2375480358;
3.18726770179;
3.27135675164;
3.33945605583;
3.2935694505;
3.31389212392;
3.27275261283;
3.22601470061;
3.27765861754;
3.29935719256;
3.31002441036;
3.31917920151;
3.40653320513;
3.44286634125;
3.35036062164;
3.41688456169;
3.44269740243;
3.41245321284;
3.37656445425;
3.36425898863;
3.42666268917;
3.53256183818;
3.56441816578;
3.5132865571;
3.58675642647;
3.478174943;
3.39831089541;
3.36216517702;
3.4165517878;
3.50993468864;
3.49836061834;
3.50241623736;
3.39281726294;
3.37069114099;
3.4622022726;
3.36496743714;
3.45398361134;
3.5447779396;
3.58288654628;
3.5189148869;
3.52870160836;
3.50504772095;
3.57849418804;
3.49379188205;
3.37209853812;
3.37403045438;
3.34572708601;
3.45383126846;
3.42597803911;
3.43809053962;
3.41218683483;
3.3651759973;
3.34239729916;
3.33418016942;
3.33563781447;
3.33975631906;
3.38544516457;
3.36812143142;
3.37119006088;
3.35342835702;
3.38892252863;
3.39558610873;
3.38031098445;
3.37678799086;
3.37837298297;
3.32285924053;
3.36076481069;
3.32599700699;
3.41753044924;
3.46359047034;
3.37477126274;
3.47791075312;
3.43985299381;
3.36746137373;
3.3276187805;
3.34356292847;
3.42369913327;
3.42517521887;
3.4177027837;
3.41506929156;
3.41936691366;
3.36054441174;
3.38738932896;
3.35471751455;
3.40735104658;
3.39056631706;
3.40247082094;
3.3375061703;
3.37468688011;
3.3117063477;
3.36189893379;
3.38041756233;
3.34907419412;
3.38278803729;
3.40321744316;
3.47560897154;
3.42966304248;
3.48521583615;
3.51032140456;
3.43225570656;
3.44101345601;
3.43153047515;
3.40593676153;
3.42663519041;
3.36584217409;
3.32383408119;
3.26968463482;
3.35610927503;
3.33839927584;
3.31191044518;
3.35129285807;
3.2898868298;
3.2702734395;
3.35872055432;
3.29239321012;
3.38007611177;
3.33874058087;
3.35686823744;
3.48090779657;
3.55743271649;
3.43173427113;
3.48696217042;
3.57281433687;
3.3895498773;
3.32287984391;
3.33795576625;
3.39465069924;
3.42336667766;
3.56737848667;
3.5783702292;
3.4913581417;
3.47992948499;
3.5418234205;
3.55352353658;
3.60794652029;
3.62767712866;
3.71697612904;
3.61665540581;
3.68454997399;
3.67884351241;
3.64172956062;
3.66571656711;
3.5845755063;
3.65278407427;
3.60423524546;
3.62523752364;
3.6220567569;
3.59050091076;
3.65474190009;
3.62178137671;
3.62460803582;
3.61973006035;
3.63728679276;
3.56927069179;
3.63108183261;
3.57615128616;
3.65057884178;
3.60658048476;
3.63933232391;
3.61243447354;
3.60443085035;
3.57749067095;
3.50898037496;
3.48632891666;
3.50263657297;
3.49685678825;
3.5281702829;
3.50576800061;
3.52825536191;
3.48178847342;
3.45965352382;
3.48804247739;
3.40601384109;
3.44343151617;
3.41887380686;
3.42307865599;
3.45150976562;
3.38138146369;
3.45834688395;
3.54769895746;
3.48880456757;
3.57752676192;
3.58962728159;
3.53130509762;
3.54135300917;
3.47737894704;
3.45193914201;
3.44212534948;
3.47159117288;
3.44950222885;
3.32504902262;
3.33679834299;
3.36378961348;
3.32642282217;
3.33927197398;
3.35555923044;
3.30067738039;
3.37650198989;
3.40416471646;
3.35053670783;
3.33380368083;
3.46899135489;
3.41307274463;
3.45993799358;
3.474337245;
3.43633562762;
3.53075064998;
3.43227422826;
3.42725413696;
3.43541261054;
3.44040388556;
3.36330522904;
3.46629697695;
3.42749187723;
3.35913844361;
3.44688210393;
3.42916419732;
3.45593058526;
3.49642075722;
3.46004565304;
3.49478835085;
3.36520216628;
3.40972339864;
3.48986923749;
3.51359989092;
3.47467557406;
3.43763479974;
3.33154837929;
3.3143966467;
3.38387912748;
3.34510988956;
3.29104906494;
3.32310216204;
3.38836617725;
3.39311763886;
3.37223726798;
3.30446244375;
3.42430335012;
3.42960811523;
3.43943631832;
3.45074898056;
3.49461998982;
3.4704403785;
3.40171692838;
3.51970793623;
3.56034444464;
3.52122036481;
3.52960410358;
3.55881147518;
3.54003225604;
3.5951812854;
3.59111372517;
3.53882990014;
3.51060835811;
3.4869830982;
3.48593497367;
3.42387652873;
3.46918382219;
3.35556792626;
3.34960116708;
3.32378890903;
3.33684310484;
3.44923090939;
3.42314598537;
3.37436265967;
3.39393031888;
3.3737968629;
3.45152481436;
3.39670808051;
3.38587803057;
3.33994620486;
3.38296072225;
3.3348141585;
3.29203569198;
3.28584409271;
3.30581877784;
3.31988692712;
3.4118948409;
3.32639917609;
3.29136521523;
3.40811539174;
3.50206635023;
3.50246425696;
3.45102221376;
3.42456646253;
3.44160080197;
3.46224193679;
3.52009037635;
3.50525344614;
3.47299683807;
3.4260367635;
3.40460954891;
3.4247859913;
3.4430622293;
3.42872982252;
3.47701234701;
3.51258386278;
3.47092059335;
3.40001520831;
3.38342619834;
3.45186784882;
3.46551987985;
3.43895222825;
3.47353445846;
3.63493375255;
3.64672918446;
3.69027355972;
3.64610144583;
3.64353453269;
3.58217692856;
3.57153273546;
3.59381184775;
3.59758258419;
3.60365047385;
3.62756627818;
3.62925329963;
3.6298223167;
3.71341936993;
3.64981988367;
3.68006027958;
3.59017224903;
3.62691139887;
3.67695750152;
3.60136276581;
3.65129062538;
3.7655648136;
3.79965738394;
3.81973579973;
3.76747879676;
3.76426031763;
3.77049630145;
3.80456684488;
3.72263792415;
3.80003765214;
3.69075063458;
3.62219647793;
3.61331602429;
3.66413694652;
3.63960109153;
3.60414228544;
3.58262266114;
3.62278214552;
3.58530760163;
3.63412158005;
3.5866477139;
3.49672292742;
3.58642439356;
3.58074307754;
3.55698344212;
3.55560452201;
3.63219299609;
3.5988662292;
3.62790237516;
3.56765523076;
3.66843486758;
3.59622122644;
3.48966281231;
3.55392512763;
3.5715738345;
3.46880766377;
3.55622483328;
3.51134649965;
3.49555626841;
3.53434353748;
3.55562838996;
3.51457333567;
3.56690443851;
3.50326665859;
3.52600824901;
3.44100438659;
3.49595069893;
3.50743609576;
3.45191563683;
3.45488073705;
3.51838622818;
3.43822440007;
3.52181078746;
3.63456822375;
3.50280429278;
3.520151711;
3.39936304246;
3.42204953086;
3.43012843763;
3.43525348687;
3.33994570304;
3.39664506677;
3.36905128431;
3.45214687854;
3.48363087453;
3.466003053;
3.5204370836;
3.62895765853;
3.69459718225;
3.66940411773;
3.66248700072;
3.68969987454;
3.7298536913;
3.47362469191;
3.51945977315;
3.5619151875;
3.54502694698;
3.51264993912;
3.49176442727;
3.43960178441;
3.44381146453;
3.43282593569;
3.46722519395;
3.51858443089;
3.42572069587;
3.47561139072;
3.42566316747;
3.39798261188;
3.44105838446;
3.40838324911;
3.39442339807;
3.42398844592;
3.39225937628;
3.37704717775;
3.39183188918;
3.35638070096;
3.3996840447;
3.41884767949;
3.39837053409;
3.39610642292;
3.39454810499;
3.36371202542;
3.36987890374;
3.31489663912;
3.34212925283;
3.38270203122;
3.40027968752;
3.33434379355;
3.36700497715;
3.35374964975;
3.36071434394;
3.30864521256;
3.36294147481;
3.37712837473;
3.28280564996;
3.35492060123;
3.29072172414;
3.31270755869;
3.26084830176;
3.23832808365;
3.2506016357;
3.29266850051;
3.34793870596;
3.32246054372;
3.23888975021;
3.25847070936;
3.24762576399;
3.29271415569;
3.32375526294;
3.34727038993;
3.22384867915;
3.20527664188;
3.18928230832;
3.1655988203;
3.2405148376;
3.27230999331;
3.24597943511;
3.23808882604;
3.26939335675;
3.34135903543;
3.27390587913;
3.29861141699;
3.25451831143;
3.30794197931;
3.28597673231;
3.3313717538;
3.3709773626;
3.53950921451;
3.34832271336;
3.35916924261;
3.36829792294;
3.34583079221;
3.38807007293;
3.31658436819;
3.36708473934;
3.34258518536;
3.35427449447;
3.32639149742;
3.47127923538;
3.44016525299;
3.54054985351;
3.43161725172;
3.42288642223;
3.42295697781;
3.50613521257;
3.58779142258;
3.54230030003;
3.47630377989;
3.48825353596;
3.47485687618;
3.50772782349;
3.52320370925;
3.49032909388;
3.44016482481;
3.48866836727;
3.48461926349;
3.43559815588;
3.55172517327;
3.55080339501;
3.443242924;
3.49616117283;
3.51082374655;
3.52319520452;
3.46847359162;
3.58683946408;
3.55773922441;
3.55061292724;
3.60151182941;
3.64950083177;
3.7110684824;
3.69448250466;
3.66605253119;
3.51987924027;
3.45790541249;
3.56625714626;
3.45938587433;
3.47722412885;
3.53068312846;
3.38757227199;
3.41699351598;
3.55360619679;
3.54105175776;
3.53346007958;
3.54960876577;
3.46006231697;
3.58658012135;
3.69508324629;
3.67532259385;
3.53199990543;
3.56005549629;
3.71005621578;
3.59510357546;
3.6997498625;
3.76842120817;
3.57681492846;
3.47236013853;
3.55986072206;
3.64533603698;
3.67925514879;
3.78780853145;
3.75347126254;
3.65431467225;
3.61331291827;
3.47933366404;
3.50470016822;
3.60795506367;
3.63022973433;
3.65828308556;
3.77025245684;
3.89659205151;
3.72916497097;
3.82558106657;
3.77873712131;
3.91448352376;
3.83499368645;
3.7741993949;
3.82543414377;
3.71704497878;
3.71396467345;
3.63977514501;
3.87209190396;
3.69339223665;
3.92664599243;
3.83469804024;
3.71405397672;
3.69653070815;
3.80389448136;
3.80442796392;
3.67936842181;
3.66552302478;
3.66198779593;
3.6872830584;
3.62933944955;
3.6079127626;
3.69906548509;
3.75462154382;
3.9100009357;
3.8743429482;
3.6766565003;
3.71271735426;
3.74148134248;
3.71783785222;
3.93991510039;
3.76688555316;
3.6711663435;
3.8286977363;
3.83653980804;
3.7323215646;
3.75014097561;
3.81581431192;
3.87746469618;
3.78527605016;
3.73639182293;
3.65276848236;
3.63558828995;
3.49539473039;
3.58847663126;
3.61072553575;
3.51738816661;
3.5562773486;
3.59065640317;
3.54469549507;
3.45907027657;
3.5482296189;
3.42868482697;
3.66145776525;
3.61086443832;
3.63857449821;
3.589189008;
3.51440207229;
3.49638160102;
3.47855624189;
3.51671427598;
3.4347930547;
3.41634516087;
3.41191592907;
3.38156449187;
3.31543092364;
3.39015669239;
3.33990264916;
3.44362395235;
3.43828159976;
3.52059846295;
3.46989787108;
3.55952728903;
3.42906407122;
3.40358728592;
3.41682539454;
3.37625318562;
3.33039391902;
3.35122043573;
3.34963338697;
3.33617850063;
3.39149489635;
3.36859220994;
3.39578012986;
3.38052798013;
3.43764602272;
3.42104916822;
3.40524592482;
3.34498073958;
3.3194138664;
3.36123397182;
3.34103386587;
3.35064686408;
3.38422902079;
3.4390802075;
3.39197744185;
3.35063673244;
3.4058099191;
3.37925635941;
3.4567966732;
3.42919548989;
3.39194529142;
3.37759436439;
3.46890722376;
3.45363295158;
3.45292570173;
3.50444272292;
3.54265448359;
3.45750773782;
3.45785366119;
3.45016839394;
3.5167883374;
3.46940911414;
3.47027476633;
3.44672024843;
3.49862839581;
3.53897855028;
3.54197833645;
3.47279700351;
3.51097843209;
3.41252640356;
3.41626972974;
3.41899008697;
3.51713316954;
3.53491222704;
3.53750657796;
3.37770567706;
3.42431486548;
3.4474309119;
3.33429003813;
3.30334439551;
3.3343902366;
3.43744574121;
3.41229024986;
3.4365572397;
3.41400231563;
3.3586039115;
3.37480495121;
3.4562429919;
3.42167416145;
3.42469639163;
3.34958553147;
3.37271645393;
